63
8;0,-56
8;64,-56
8;128,-56
8;192,-56
8;256,-56
8;320,-56
8;384,-56
8;448,-56
8;512,-56
8;576,-56
62;14,-62
59;15,-62
20;6,-62
20;70,-62
52;92,-59
52;111,-59
52;126,-59
20;134,-62
20;146,-62
52;175,-59
20;180,-62
20;198,-62
20;210,-62
52;239,-59
20;244,-62
20;262,-62
20;274,-62
52;303,-59
20;308,-62
20;326,-62
52;348,-59
52;367,-59
52;382,-59
20;390,-62
52;412,-59
52;431,-59
20;436,-62
20;454,-62
52;476,-59
52;495,-59
52;510,-59
20;518,-62
52;540,-59
52;559,-59
57;589,-62
20;600,-62
0;639,-62
20;-12,-63
20;34,-63
20;52,-63
20;79,-63
20;113,-63
20;174,-63
20;208,-63
20;238,-63
20;272,-63
20;302,-63
11;338,-63
20;369,-63
20;399,-63
11;466,-63
20;497,-63
20;527,-63
