870
0;17,402
0;521,397
0;409,391
13;291,391
0;127,363
3;39,319
9;530,305
11;418,303
4;213,300
6;339,239
0;529,231
4;120,218
4;212,211
0;429,207
2;44,170
10;501,167
0;332,153
5;214,130
0;116,138
0;425,111
0;10,97
7;350,67
8;481,61
1;67,45
0;550,17
0;287,16
12;184,23
0;19,7
2;114,-12
2;115,-12
2;119,-12
2;120,-12
2;124,-12
2;125,-12
2;129,-12
2;130,-12
2;134,-12
2;135,-12
2;139,-12
2;140,-12
2;144,-12
2;145,-12
2;149,-12
2;150,-12
2;154,-12
2;155,-12
2;159,-12
2;160,-12
2;164,-12
2;165,-12
2;169,-12
2;170,-12
2;174,-12
2;175,-12
2;179,-12
2;180,-12
2;184,-12
2;185,-12
2;189,-12
2;190,-12
2;194,-12
2;195,-12
2;199,-12
2;200,-12
2;204,-12
2;205,-12
2;209,-12
2;210,-12
2;214,-12
2;215,-12
2;219,-12
2;220,-12
2;224,-12
2;225,-12
2;229,-12
2;230,-12
2;234,-12
2;235,-12
2;239,-12
2;240,-12
2;244,-12
2;245,-12
2;249,-12
2;250,-12
2;254,-12
2;255,-12
2;259,-12
2;260,-12
2;264,-12
2;265,-12
2;269,-12
2;270,-12
2;274,-12
2;275,-12
2;279,-12
2;280,-12
2;284,-12
2;285,-12
2;289,-12
2;290,-12
2;294,-12
2;295,-12
2;299,-12
2;300,-12
2;304,-12
2;305,-12
2;309,-12
2;310,-12
2;314,-12
2;315,-12
2;319,-12
2;320,-12
2;324,-12
2;325,-12
2;329,-12
2;330,-12
2;334,-12
2;335,-12
2;339,-12
2;340,-12
2;344,-12
2;345,-12
2;349,-12
2;350,-12
2;354,-12
2;355,-12
2;359,-12
2;360,-12
2;364,-12
2;365,-12
2;369,-12
2;370,-12
2;374,-12
2;375,-12
2;379,-12
2;380,-12
2;384,-12
2;385,-12
2;389,-12
2;390,-12
2;394,-12
2;395,-12
2;399,-12
2;400,-12
2;404,-12
2;405,-12
2;409,-12
2;410,-12
2;414,-12
2;415,-12
2;419,-12
2;420,-12
2;424,-12
2;425,-12
2;429,-12
2;430,-12
2;434,-12
2;435,-12
2;439,-12
2;440,-12
2;444,-12
2;445,-12
2;449,-12
2;450,-12
2;454,-12
2;455,-12
2;459,-12
2;460,-12
2;464,-12
2;465,-12
2;469,-12
2;470,-12
2;474,-12
2;475,-12
2;479,-12
2;480,-12
2;484,-12
2;485,-12
2;489,-12
2;490,-12
2;494,-12
2;495,-12
2;499,-12
2;500,-12
2;504,-12
2;505,-12
2;509,-12
2;510,-12
2;514,-12
2;515,-12
2;519,-12
2;520,-12
2;524,-12
2;525,-12
2;529,-12
2;530,-12
2;534,-12
2;535,-12
2;539,-12
2;540,-12
2;544,-12
2;545,-12
2;549,-12
2;550,-12
2;554,-12
2;555,-12
2;559,-12
2;560,-12
2;564,-12
2;565,-12
2;569,-12
2;570,-12
2;574,-12
2;575,-12
2;579,-12
2;580,-12
2;584,-12
2;585,-12
2;589,-12
2;590,-12
2;594,-12
2;595,-12
2;599,-12
2;600,-12
2;604,-12
2;605,-12
2;609,-12
2;610,-12
2;614,-12
2;615,-12
2;619,-12
2;620,-12
13;623,4
13;624,4
2;114,-13
2;115,-13
2;119,-13
2;120,-13
2;124,-13
2;125,-13
2;129,-13
2;130,-13
2;134,-13
2;135,-13
2;139,-13
2;140,-13
2;144,-13
2;145,-13
2;149,-13
2;150,-13
2;154,-13
2;155,-13
2;159,-13
2;160,-13
2;164,-13
2;165,-13
2;169,-13
2;170,-13
2;174,-13
2;175,-13
2;179,-13
2;180,-13
2;184,-13
2;185,-13
2;189,-13
2;190,-13
2;194,-13
2;195,-13
2;199,-13
2;200,-13
2;204,-13
2;205,-13
2;209,-13
2;210,-13
2;214,-13
2;215,-13
2;219,-13
2;220,-13
2;224,-13
2;225,-13
2;229,-13
2;230,-13
2;234,-13
2;235,-13
2;239,-13
2;240,-13
2;244,-13
2;245,-13
2;249,-13
2;250,-13
2;254,-13
2;255,-13
2;259,-13
2;260,-13
2;264,-13
2;265,-13
2;269,-13
2;270,-13
2;274,-13
2;275,-13
2;279,-13
2;280,-13
2;284,-13
2;285,-13
2;289,-13
2;290,-13
2;294,-13
2;295,-13
2;299,-13
2;300,-13
2;304,-13
2;305,-13
2;309,-13
2;310,-13
2;314,-13
2;315,-13
2;319,-13
2;320,-13
2;324,-13
2;325,-13
2;329,-13
2;330,-13
2;334,-13
2;335,-13
2;339,-13
2;340,-13
2;344,-13
2;345,-13
2;349,-13
2;350,-13
2;354,-13
2;355,-13
2;359,-13
2;360,-13
2;364,-13
2;365,-13
2;369,-13
2;370,-13
2;374,-13
2;375,-13
2;379,-13
2;380,-13
2;384,-13
2;385,-13
2;389,-13
2;390,-13
2;394,-13
2;395,-13
2;399,-13
2;400,-13
2;404,-13
2;405,-13
2;409,-13
2;410,-13
2;414,-13
2;415,-13
2;419,-13
2;420,-13
2;424,-13
2;425,-13
2;429,-13
2;430,-13
2;434,-13
2;435,-13
2;439,-13
2;440,-13
2;444,-13
2;445,-13
2;449,-13
2;450,-13
2;454,-13
2;455,-13
2;459,-13
2;460,-13
2;464,-13
2;465,-13
2;469,-13
2;470,-13
2;474,-13
2;475,-13
2;479,-13
2;480,-13
2;484,-13
2;485,-13
2;489,-13
2;490,-13
2;494,-13
2;495,-13
2;499,-13
2;500,-13
2;504,-13
2;505,-13
2;509,-13
2;510,-13
2;514,-13
2;515,-13
2;519,-13
2;520,-13
2;524,-13
2;525,-13
2;529,-13
2;530,-13
2;534,-13
2;535,-13
2;539,-13
2;540,-13
2;544,-13
2;545,-13
2;549,-13
2;550,-13
2;554,-13
2;555,-13
2;559,-13
2;560,-13
2;564,-13
2;565,-13
2;569,-13
2;570,-13
2;574,-13
2;575,-13
2;579,-13
2;580,-13
2;584,-13
2;585,-13
2;589,-13
2;590,-13
2;594,-13
2;595,-13
2;599,-13
2;600,-13
2;604,-13
2;605,-13
2;609,-13
2;610,-13
2;614,-13
2;615,-13
2;619,-13
2;620,-13
13;622,3
13;623,3
13;621,2
13;623,2
13;620,1
13;621,1
13;622,1
13;623,1
13;619,0
13;622,0
13;623,0
13;624,0
13;618,-1
13;619,-1
13;624,-1
13;625,-1
13;617,-2
13;619,-2
13;620,-2
13;621,-2
13;624,-2
13;625,-2
13;616,-3
13;617,-3
13;618,-3
13;619,-3
13;622,-3
13;623,-3
13;625,-3
13;626,-3
13;615,-4
13;618,-4
13;620,-4
13;624,-4
13;626,-4
13;627,-4
13;614,-5
13;615,-5
13;618,-5
13;619,-5
13;623,-5
13;624,-5
13;627,-5
13;628,-5
13;613,-6
13;615,-6
13;616,-6
13;619,-6
13;620,-6
13;622,-6
13;624,-6
13;626,-6
13;627,-6
2;629,-22
13;612,-7
13;613,-7
13;614,-7
13;615,-7
13;616,-7
13;617,-7
13;621,-7
13;622,-7
13;623,-7
13;626,-7
2;628,-23
13;629,-7
13;611,-8
13;614,-8
13;615,-8
13;616,-8
13;618,-8
12;617,-6
13;623,-8
13;624,-8
2;628,-24
2;629,-24
12;626,-6
12;627,-6
13;610,-9
13;611,-9
2;619,-25
2;622,-25
2;624,-25
13;624,-9
2;627,-25
13;627,-9
6;629,-21
11;622,-17
13;609,-10
13;611,-10
13;612,-10
13;613,-10
2;618,-26
2;620,-26
2;621,-26
2;624,-26
2;625,-26
13;628,-10
13;630,-10
13;608,-11
13;609,-11
13;610,-11
13;611,-11
13;614,-11
13;615,-11
2;617,-27
2;618,-27
11;610,-19
11;612,-19
2;622,-27
12;619,-9
12;621,-9
13;625,-11
13;626,-11
13;630,-11
2;608,-28
5;590,-33
2;613,-28
2;617,-28
2;619,-28
2;621,-28
2;625,-28
2;627,-28
12;628,-10
13;610,-13
11;605,-21
2;616,-29
2;617,-29
13;617,-13
13;620,-13
13;621,-13
13;623,-13
13;626,-13
2;630,-29
2;610,-30
5;590,-35
2;614,-30
2;616,-30
13;616,-14
13;617,-14
13;621,-14
13;622,-14
12;624,-12
11;620,-22
12;628,-12
2;608,-31
5;592,-36
2;614,-31
2;615,-31
2;616,-31
5;596,-36
2;619,-31
13;621,-15
13;622,-15
2;625,-31
6;627,-27
12;626,-13
11;622,-23
6;632,-27
2;610,-32
5;593,-37
2;615,-32
2;617,-32
13;621,-16
13;622,-16
13;623,-16
13;624,-16
13;627,-16
13;628,-16
11;621,-24
11;622,-24
2;632,-32
2;610,-33
2;611,-33
2;613,-33
2;614,-33
2;617,-33
5;598,-38
2;620,-33
2;621,-33
5;603,-38
2;625,-33
13;627,-17
11;621,-25
2;608,-34
2;609,-34
2;610,-34
2;611,-34
2;612,-34
2;613,-34
2;616,-34
2;619,-34
2;620,-34
2;622,-34
2;623,-34
5;604,-39
11;617,-26
13;626,-18
13;628,-18
2;632,-34
2;611,-35
2;613,-35
2;615,-35
2;619,-35
2;622,-35
2;623,-35
2;624,-35
2;625,-35
6;627,-31
11;619,-27
11;620,-27
11;621,-27
13;630,-19
2;608,-36
2;609,-36
2;614,-36
5;598,-41
5;599,-41
13;626,-20
13;627,-20
11;620,-28
6;630,-32
13;630,-20
2;607,-37
2;608,-37
9;589,-39
5;590,-42
5;591,-42
2;616,-37
5;597,-42
2;620,-37
5;600,-42
5;602,-42
5;603,-42
4;575,-31
4;577,-31
4;578,-31
6;630,-33
2;632,-37
13;608,-22
11;602,-30
2;613,-38
2;614,-38
2;615,-38
2;616,-38
5;596,-43
2;618,-38
2;619,-38
2;620,-38
2;622,-38
5;603,-43
5;604,-43
13;625,-22
11;618,-30
13;628,-22
13;629,-22
13;631,-22
2;607,-39
2;608,-39
2;609,-39
5;590,-44
2;612,-39
5;593,-44
2;616,-39
2;619,-39
2;622,-39
5;604,-44
2;626,-39
6;629,-35
2;607,-40
2;608,-40
2;609,-40
5;590,-45
2;612,-40
2;613,-40
2;616,-40
5;596,-45
5;598,-45
11;611,-32
5;600,-45
9;601,-42
5;602,-45
11;617,-32
5;610,-45
1;625,-24
5;585,-46
0;590,-33
2;608,-41
5;589,-46
5;592,-46
2;615,-41
5;595,-46
0;601,-33
5;600,-46
2;622,-41
5;602,-46
2;624,-41
5;605,-46
10;619,-27
5;607,-46
11;620,-33
2;630,-41
13;631,-25
5;584,-47
9;585,-44
2;607,-42
5;589,-47
2;613,-42
2;614,-42
0;598,-34
4;569,-36
4;572,-36
4;577,-36
4;578,-36
4;579,-36
3;611,-37
9;584,-45
5;588,-48
10;607,-29
5;595,-48
11;608,-35
5;598,-48
0;603,-35
5;600,-48
2;622,-43
5;602,-48
11;616,-35
5;606,-48
5;607,-48
5;608,-48
11;621,-35
13;631,-27
2;603,-44
5;583,-49
2;605,-44
2;608,-44
5;588,-49
5;589,-49
2;611,-44
2;612,-44
5;592,-49
2;614,-44
0;603,-36
2;621,-44
5;601,-49
5;602,-49
5;603,-49
5;604,-49
5;605,-49
12;626,-26
10;623,-30
2;608,-45
5;589,-50
5;590,-50
0;595,-37
0;599,-37
5;598,-50
2;624,-45
2;631,-45
13;631,-29
2;602,-46
2;603,-46
5;583,-51
2;610,-46
2;611,-46
2;612,-46
0;597,-38
4;568,-40
6;621,-42
0;605,-38
5;607,-51
0;612,-38
1;623,-30
5;610,-51
2;632,-46
0;587,-39
0;589,-39
2;609,-47
0;593,-39
11;608,-39
0;602,-39
10;614,-33
0;610,-39
2;632,-47
0;582,-40
10;592,-34
0;584,-40
0;590,-40
4;560,-42
0;594,-40
0;595,-40
0;596,-40
6;614,-44
0;598,-40
0;599,-40
0;600,-40
2;620,-48
4;571,-42
0;605,-40
0;611,-40
1;625,-32
0;581,-41
3;579,-44
0;583,-41
0;584,-41
0;585,-41
0;586,-41
3;584,-44
0;588,-41
0;589,-41
3;587,-44
0;591,-41
0;592,-41
0;593,-41
0;594,-41
0;595,-41
0;596,-41
0;597,-41
0;598,-41
0;599,-41
0;600,-41
2;618,-49
0;602,-41
0;607,-41
0;608,-41
2;626,-49
3;607,-44
0;611,-41
0;612,-41
0;613,-41
0;614,-41
0;615,-41
