5170
1;0,0
0;121,52
1;32,106
0;32,106
0;31,107
0;32,107
0;33,107
0;30,108
0;31,108
0;33,108
0;34,108
0;29,109
0;35,109
0;28,110
0;29,110
0;35,110
0;36,110
0;27,111
1;32,112
0;30,111
0;34,111
0;37,111
0;24,112
0;27,112
0;28,112
1;32,113
1;35,113
1;37,113
0;36,112
0;37,112
0;21,113
0;24,113
0;26,113
0;27,113
1;33,114
1;39,114
1;42,114
0;42,113
1;13,115
1;14,115
1;21,115
1;23,115
0;21,114
0;23,114
0;25,114
0;28,114
1;34,115
1;35,115
1;40,115
0;41,114
1;48,115
0;47,114
1;51,115
0;50,114
0;53,114
1;8,116
1;9,116
1;17,116
0;15,115
1;22,116
1;25,116
1;28,116
0;26,115
1;37,116
0;35,115
0;41,115
1;50,116
0;50,115
1;56,116
0;56,115
0;0,116
0;1,116
1;12,117
0;10,116
0;15,116
0;21,116
1;25,117
1;30,117
0;28,116
1;37,117
0;38,116
1;44,117
0;48,116
1;54,117
1;56,117
0;55,116
0;56,116
0;58,116
0;64,116
1;0,118
1;1,118
0;-1,117
0;3,117
0;8,117
0;9,117
0;13,117
1;21,118
0;19,117
0;25,117
1;34,118
0;32,117
1;37,118
0;36,117
1;40,118
0;39,117
0;44,117
1;50,118
0;50,117
0;53,117
1;58,118
1;61,118
0;59,117
0;64,117
0;67,117
1;-5,119
1;-4,119
1;-2,119
1;-1,119
0;4,118
1;9,119
1;10,119
0;10,118
0;17,118
0;19,118
0;30,118
1;38,119
0;37,118
1;44,119
0;44,118
1;50,119
1;51,119
1;56,119
1;57,119
0;59,118
0;66,118
0;67,118
0;68,118
1;-10,120
1;-9,120
0;-11,119
1;-4,120
1;-3,120
0;-5,119
1;5,120
0;3,119
0;5,119
0;6,119
0;10,119
0;11,119
0;15,119
0;16,119
0;20,119
0;21,119
0;25,119
0;26,119
1;37,120
0;38,119
1;45,120
1;46,120
0;44,119
1;51,120
0;51,119
1;57,120
0;65,119
0;66,119
0;70,119
0;71,119
0;72,119
0;-18,120
0;-17,120
0;-11,120
0;-6,120
1;-2,121
1;1,121
1;2,121
1;5,121
1;7,121
1;9,121
0;11,120
0;17,120
1;21,121
1;24,121
0;23,120
1;29,121
1;32,121
0;33,120
1;41,121
0;39,120
1;43,121
0;45,120
0;50,120
1;55,121
1;58,121
1;61,121
0;61,120
0;68,120
0;71,120
0;74,120
0;-21,121
1;-17,122
1;-14,122
1;-9,122
1;-1,122
0;0,121
0;3,121
1;8,122
0;9,121
0;17,121
1;21,122
0;21,121
0;24,121
1;29,122
0;27,121
1;39,122
0;38,121
1;48,122
1;51,122
1;56,122
0;54,121
0;59,121
1;63,122
1;64,122
0;62,121
0;63,121
0;68,121
0;71,121
0;75,121
0;76,121
0;-25,122
0;-22,122
0;-16,122
0;-15,122
1;-10,123
0;-12,122
1;-8,123
1;-7,123
1;-4,123
1;0,123
0;-2,122
0;2,122
0;8,122
1;13,123
1;17,123
1;18,123
0;16,122
1;25,123
0;23,122
1;28,123
1;29,123
1;31,123
0;35,122
1;41,123
0;39,122
0;40,122
0;53,122
0;55,122
1;59,123
1;67,123
0;65,122
0;66,122
0;71,122
0;77,122
0;78,122
0;-28,123
0;-24,123
0;-23,123
1;-15,124
1;-9,124
1;-4,124
0;-3,123
1;1,124
1;6,124
1;7,124
1;10,124
1;19,124
1;21,124
0;20,123
1;26,124
1;28,124
0;29,123
0;30,123
0;32,123
0;33,123
0;34,123
1;41,124
0;40,123
0;45,123
0;47,123
0;50,123
0;53,123
0;56,123
1;63,124
0;61,123
0;62,123
1;70,124
0;70,123
0;73,123
0;76,123
0;77,123
0;78,123
1;-27,125
1;-26,125
1;-21,125
1;-18,125
1;-12,125
1;-11,125
1;-8,125
1;-7,125
0;-8,124
1;2,125
0;1,124
1;5,125
1;11,125
0;11,124
0;14,124
0;17,124
0;18,124
0;22,124
1;28,125
0;26,124
0;29,124
1;33,125
0;33,124
0;39,124
1;43,125
1;47,125
0;47,124
0;50,124
0;51,124
0;52,124
1;56,125
1;57,125
1;62,125
0;62,124
0;63,124
1;69,125
1;74,125
0;73,124
0;78,124
0;80,124
0;-31,125
1;-25,126
0;-24,125
0;-19,125
1;-13,126
0;-14,125
1;-7,126
0;-9,125
0;-5,125
1;-1,126
1;5,126
0;3,125
1;11,126
1;12,126
0;12,125
1;18,126
1;25,126
1;26,126
1;28,126
1;30,126
1;34,126
1;35,126
0;36,125
1;42,126
0;40,125
0;52,125
0;55,125
1;59,126
1;62,126
1;65,126
1;68,126
1;69,126
0;67,125
0;69,125
1;79,126
0;78,125
0;81,125
0;-31,126
1;-27,127
1;-26,127
0;-25,126
1;-21,127
1;-15,127
1;-14,127
0;-16,126
1;-12,127
1;-5,127
0;-7,126
1;2,127
1;7,127
0;10,126
1;14,127
1;17,127
1;24,127
0;23,126
0;24,126
1;31,127
1;33,127
0;35,126
1;44,127
1;47,127
0;45,126
0;46,126
1;57,127
0;57,126
0;59,126
0;62,126
1;71,127
0;69,126
1;77,127
1;78,127
0;78,126
0;87,126
0;-28,127
0;-25,127
1;-18,128
0;-17,127
1;-13,128
0;-11,127
1;-7,128
0;-8,127
0;-5,127
1;3,128
1;8,128
0;10,127
0;11,127
0;12,127
0;15,127
0;18,127
0;24,127
1;32,128
0;33,127
1;37,128
1;41,128
0;39,127
0;43,127
0;44,127
0;51,127
1;57,128
1;58,128
0;57,127
1;63,128
0;63,127
0;66,127
0;71,127
0;76,127
1;83,128
1;84,128
0;83,127
0;90,127
1;-25,129
1;-21,129
0;-22,128
1;-18,129
0;-15,128
0;-6,128
0;-5,128
0;-3,128
0;-2,128
0;5,128
1;9,129
0;7,128
1;16,129
1;24,129
1;25,129
0;23,128
0;24,128
1;34,129
0;32,128
0;33,128
1;41,129
1;44,129
0;42,128
1;53,129
0;53,128
0;54,128
1;60,129
0;59,128
0;62,128
0;66,128
0;70,128
0;71,128
0;76,128
1;83,129
1;84,129
0;85,128
0;88,128
0;89,128
0;90,128
0;91,128
0;92,128
0;93,128
0;94,128
0;95,128
0;96,128
0;97,128
0;98,128
0;99,128
0;100,128
0;101,128
0;102,128
0;103,128
0;104,128
0;105,128
0;106,128
0;107,128
0;108,128
0;109,128
0;110,128
0;111,128
0;112,128
0;113,128
0;114,128
0;115,128
0;116,128
0;117,128
0;118,128
0;119,128
0;120,128
0;121,128
0;122,128
0;123,128
0;124,128
0;125,128
0;126,128
0;127,128
0;128,128
0;129,128
0;130,128
0;131,128
0;132,128
0;133,128
0;134,128
0;135,128
0;136,128
0;137,128
0;138,128
0;139,128
0;140,128
0;141,128
0;142,128
0;143,128
0;144,128
0;145,128
0;146,128
0;147,128
0;148,128
0;149,128
0;150,128
0;151,128
0;152,128
0;153,128
0;154,128
0;155,128
0;156,128
0;157,128
0;158,128
0;159,128
0;160,128
0;161,128
0;162,128
0;163,128
0;164,128
0;165,128
0;166,128
0;167,128
0;168,128
1;-28,130
1;-27,130
1;-25,130
1;-24,130
0;-25,129
1;-17,130
0;-11,129
1;-7,130
0;-5,129
1;1,130
0;-1,129
0;5,129
0;8,129
1;14,130
0;14,129
1;18,130
0;18,129
0;21,129
1;27,130
0;25,129
1;38,130
0;40,129
0;41,129
0;44,129
1;48,130
0;46,129
0;48,129
0;54,129
1;58,130
0;59,129
0;64,129
0;66,129
1;70,130
0;68,129
1;76,130
0;75,129
1;79,130
1;83,130
0;83,129
0;85,129
0;87,129
0;88,129
0;89,129
0;90,129
0;94,129
0;96,129
0;97,129
0;98,129
0;99,129
0;100,129
0;101,129
0;102,129
0;103,129
0;104,129
0;105,129
0;106,129
0;107,129
0;108,129
0;109,129
0;110,129
0;111,129
0;112,129
0;113,129
0;114,129
0;115,129
0;116,129
0;117,129
0;118,129
0;119,129
0;120,129
0;121,129
0;122,129
0;123,129
0;124,129
0;125,129
0;126,129
0;127,129
0;128,129
0;129,129
0;130,129
0;131,129
0;132,129
0;133,129
0;134,129
0;135,129
0;136,129
0;137,129
0;138,129
0;139,129
0;140,129
0;141,129
0;142,129
0;143,129
0;144,129
0;145,129
0;146,129
0;147,129
0;148,129
0;149,129
0;150,129
0;151,129
0;152,129
0;153,129
0;154,129
0;155,129
0;156,129
0;157,129
0;158,129
0;159,129
0;160,129
0;161,129
0;162,129
0;163,129
0;164,129
0;165,129
0;166,129
0;167,129
0;-29,130
0;-28,130
0;-25,130
0;-15,130
0;-11,130
0;-10,130
1;-6,131
0;-4,130
1;3,131
1;8,131
1;13,131
1;20,131
0;18,130
0;21,130
0;24,130
0;28,130
1;32,131
0;32,130
0;38,130
0;39,130
0;42,130
1;48,131
1;51,131
1;55,131
1;57,131
0;56,130
0;64,130
1;68,131
1;70,131
0;69,130
0;70,130
0;72,130
1;80,131
0;80,130
0;83,130
1;87,131
0;85,130
0;86,130
0;92,130
0;93,130
0;95,130
0;98,130
0;99,130
0;100,130
0;101,130
0;102,130
0;103,130
0;104,130
0;105,130
0;106,130
0;107,130
0;108,130
0;109,130
0;110,130
0;111,130
0;112,130
0;113,130
0;114,130
0;115,130
0;116,130
0;117,130
0;118,130
0;119,130
0;120,130
0;121,130
0;122,130
0;123,130
0;124,130
0;125,130
0;126,130
0;127,130
0;128,130
0;129,130
0;130,130
0;131,130
0;132,130
0;133,130
0;134,130
0;135,130
0;136,130
0;137,130
0;138,130
0;139,130
0;140,130
0;141,130
0;142,130
0;143,130
0;144,130
0;145,130
0;146,130
0;147,130
0;148,130
0;149,130
0;150,130
0;151,130
0;152,130
0;153,130
0;154,130
0;155,130
0;156,130
0;157,130
0;158,130
0;159,130
0;160,130
0;161,130
0;162,130
0;163,130
0;164,130
0;165,130
0;166,130
0;168,130
1;-28,132
0;-30,131
1;-24,132
0;-24,131
1;-17,132
1;-16,132
1;-13,132
0;-9,131
1;-2,132
1;0,132
0;1,131
1;7,132
0;10,131
1;14,132
1;18,132
1;21,132
1;22,132
0;22,131
1;29,132
0;27,131
0;33,131
0;36,131
0;37,131
0;40,131
0;43,131
0;46,131
1;51,132
1;53,132
0;55,131
0;57,131
0;64,131
0;67,131
1;71,132
1;74,132
0;72,131
0;77,131
1;86,132
0;84,131
0;88,131
0;92,131
0;99,131
0;166,131
1;-28,133
1;-22,133
0;-24,132
0;-20,132
0;-14,132
0;-10,132
0;-5,132
1;0,133
0;0,132
1;9,133
1;14,133
1;15,133
1;21,133
1;22,133
0;22,132
1;29,133
1;31,133
1;32,133
0;32,132
0;41,132
1;49,133
1;53,133
1;54,133
1;61,133
0;60,132
0;61,132
1;68,133
1;71,133
0;72,132
1;76,133
1;80,133
1;83,133
1;87,133
0;91,132
0;94,132
0;98,132
0;101,132
0;165,132
0;166,132
0;167,132
0;-29,133
0;-26,133
0;-23,133
1;-16,134
1;-13,134
1;-10,134
1;-6,134
0;-8,133
1;-2,134
0;-4,133
0;2,133
0;6,133
1;13,134
1;14,134
0;13,133
1;26,134
0;24,133
1;28,134
0;29,133
0;32,133
1;39,134
1;42,134
1;45,134
0;43,133
1;50,134
0;48,133
0;52,133
0;57,133
0;58,133
1;64,134
1;70,134
1;73,134
0;71,133
0;72,133
1;82,134
1;83,134
1;86,134
0;84,133
1;88,134
0;87,133
0;92,133
1;98,134
0;98,133
0;102,133
0;103,133
0;104,133
0;105,133
0;106,133
0;107,133
0;108,133
0;109,133
0;110,133
0;111,133
0;112,133
0;113,133
0;114,133
0;115,133
0;116,133
0;117,133
0;118,133
0;119,133
0;120,133
0;121,133
0;122,133
0;123,133
0;124,133
0;125,133
0;126,133
0;127,133
0;128,133
0;129,133
0;130,133
0;131,133
0;132,133
0;133,133
0;134,133
0;135,133
0;136,133
0;137,133
0;138,133
0;139,133
0;140,133
0;141,133
0;142,133
0;143,133
0;144,133
0;145,133
0;146,133
0;147,133
0;148,133
0;149,133
0;150,133
0;151,133
0;152,133
0;153,133
0;154,133
0;155,133
0;156,133
0;157,133
0;158,133
0;159,133
0;160,133
0;161,133
0;162,133
1;166,134
1;169,134
0;167,133
1;-28,135
0;-30,134
1;-22,135
1;-16,135
1;-11,135
0;-12,134
1;-6,135
0;-1,134
0;3,134
0;4,134
1;10,135
1;11,135
0;9,134
0;12,134
1;16,135
0;17,134
0;18,134
0;22,134
0;26,134
1;34,135
1;35,135
0;35,134
0;36,134
1;44,135
1;49,135
1;51,135
1;54,135
1;60,135
1;63,135
0;61,134
0;62,134
1;70,135
1;74,135
0;72,134
1;78,135
0;76,134
0;82,134
1;88,135
1;94,135
1;96,135
0;96,134
0;97,134
0;100,134
0;103,134
0;105,134
0;107,134
0;108,134
0;109,134
0;110,134
0;111,134
0;112,134
0;113,134
0;114,134
0;115,134
0;116,134
0;117,134
0;118,134
0;119,134
0;120,134
0;121,134
0;122,134
0;123,134
0;124,134
0;125,134
0;126,134
0;127,134
0;128,134
0;129,134
0;130,134
0;131,134
0;132,134
0;133,134
0;134,134
0;135,134
0;136,134
0;137,134
0;138,134
0;139,134
0;140,134
0;141,134
0;142,134
0;143,134
0;144,134
0;145,134
0;146,134
0;147,134
0;148,134
0;149,134
0;150,134
0;151,134
0;152,134
1;156,135
1;157,135
1;161,135
0;163,134
0;165,134
0;-31,135
0;-30,135
0;-29,135
1;-22,136
0;-24,135
0;-20,135
1;-13,136
1;-10,136
1;-4,136
1;-3,136
0;-5,135
1;4,136
0;2,135
1;6,136
0;6,135
1;18,136
0;16,135
0;20,135
0;21,135
1;28,136
1;34,136
1;35,136
1;39,136
1;42,136
1;45,136
0;44,135
1;48,136
0;47,135
1;56,136
0;54,135
1;61,136
0;63,135
1;71,136
1;76,136
0;74,135
0;78,135
1;82,136
0;81,135
1;90,136
1;91,136
0;92,135
0;93,135
1;98,136
0;98,135
0;101,135
1;105,136
0;104,135
1;108,136
0;109,135
0;110,135
0;112,135
0;113,135
0;114,135
0;115,135
0;116,135
0;117,135
0;118,135
0;119,135
0;120,135
0;121,135
0;122,135
0;123,135
0;124,135
0;125,135
0;126,135
0;127,135
0;128,135
0;129,135
0;130,135
0;131,135
0;132,135
0;133,135
0;134,135
0;135,135
0;136,135
0;137,135
1;141,136
1;142,136
0;146,135
0;147,135
0;152,135
1;161,136
1;166,136
1;169,136
0;-31,136
0;-24,136
0;-19,136
0;-18,136
0;-14,136
1;-10,137
1;-6,137
0;-7,136
0;-6,136
1;1,137
0;0,136
1;6,137
0;5,136
0;10,136
1;16,137
0;14,136
0;17,136
1;21,137
1;23,137
0;22,136
0;23,136
1;30,137
0;29,136
1;37,137
1;40,137
1;41,137
0;40,136
1;46,137
1;49,137
0;48,136
0;49,136
1;58,137
0;58,136
0;65,136
0;68,136
1;74,137
1;75,137
0;75,136
0;76,136
1;82,137
0;80,136
0;81,136
1;89,137
0;87,136
0;92,136
0;97,136
1;101,137
1;105,137
0;105,136
0;110,136
0;111,136
0;112,136
1;118,137
1;121,137
1;126,137
1;129,137
0;131,136
0;137,136
0;138,136
0;149,136
0;151,136
1;157,137
1;159,137
1;161,137
0;163,136
0;167,136
0;-30,137
0;-29,137
0;-27,137
1;-23,138
0;-20,137
0;-18,137
1;-12,138
1;-8,138
1;-7,138
1;-4,138
0;-6,137
0;-5,137
0;2,137
0;7,137
1;14,138
1;15,138
0;13,137
1;21,138
0;21,137
1;27,138
0;25,137
1;30,138
1;33,138
1;34,138
1;40,138
0;38,137
1;45,138
0;45,137
0;50,137
0;54,137
0;57,137
1;61,138
0;62,137
1;69,138
1;70,138
0;69,137
0;76,137
1;84,138
1;85,138
0;83,137
0;88,137
1;92,138
1;93,138
1;98,138
0;99,137
1;103,138
0;103,137
0;104,137
1;112,138
0;115,137
1;131,138
0;134,137
1;141,138
0;141,137
1;147,138
1;148,138
0;150,137
1;156,138
0;156,137
0;160,137
0;161,137
0;168,137
1;-27,139
0;-29,138
0;-26,138
0;-17,138
1;-13,139
0;-9,138
0;-8,138
0;-2,138
0;-1,138
1;5,139
1;10,139
0;10,138
0;12,138
0;23,138
1;30,139
1;31,139
0;32,138
1;44,139
1;45,139
0;45,138
1;49,139
0;49,138
1;57,139
0;56,138
0;63,138
0;64,138
0;67,138
0;68,138
0;72,138
1;78,139
0;78,138
1;84,139
0;82,138
1;87,139
0;86,138
1;90,139
0;91,138
1;99,139
0;99,138
0;101,138
1;105,139
0;107,138
0;109,138
0;112,138
0;115,138
0;118,138
1;125,139
1;131,139
0;129,138
0;136,138
0;137,138
1;148,139
0;150,138
1;154,139
0;157,138
1;161,139
0;160,138
0;161,138
0;167,138
0;-30,139
0;-29,139
0;-27,139
0;-26,139
0;-20,139
1;-16,140
0;-11,139
1;-5,140
1;-2,140
1;0,140
0;1,139
0;6,139
1;10,140
0;12,139
1;18,140
0;17,139
1;21,140
1;23,140
0;22,139
1;28,140
1;31,140
1;35,140
0;35,139
1;44,140
0;42,139
0;49,139
0;52,139
1;56,140
1;58,140
0;59,139
0;64,139
0;67,139
0;68,139
1;72,140
1;75,140
1;80,140
0;82,139
0;84,139
1;92,140
1;96,140
1;97,140
0;99,139
0;104,139
0;105,139
0;108,139
0;114,139
1;118,140
1;121,140
1;124,140
1;125,140
1;130,140
1;131,140
1;135,140
0;137,139
1;141,140
0;143,139
1;150,140
0;150,139
0;152,139
1;156,140
0;159,139
0;160,139
0;161,139
0;164,139
1;168,140
1;171,140
1;-28,141
1;-26,141
1;-25,141
1;-24,141
0;-14,140
0;-13,140
1;-6,141
0;-8,140
1;1,141
0;1,140
1;9,141
0;7,140
0;10,140
0;13,140
0;15,140
0;18,140
0;21,140
1;28,141
1;29,141
0;28,140
1;37,141
1;42,141
1;47,141
1;48,141
0;46,140
1;50,141
0;50,140
1;54,141
1;59,141
1;62,141
1;66,141
0;68,140
1;77,141
0;75,140
0;77,140
1;83,141
1;84,141
0;82,140
1;87,141
1;92,141
0;91,140
1;101,141
0;104,140
0;105,140
1;112,141
0;111,140
0;112,140
0;118,140
0;121,140
0;125,140
0;131,140
1;137,141
1;141,141
1;150,141
0;148,140
1;152,141
1;155,141
0;153,140
0;157,140
1;163,141
0;161,140
1;168,141
1;169,141
1;-25,142
0;-25,141
1;-21,142
1;-20,142
1;-17,142
1;-16,142
1;-15,142
1;-3,142
0;-2,141
0;1,141
0;2,141
0;7,141
0;13,141
1;17,142
0;16,141
1;23,142
1;24,142
0;24,141
1;28,142
1;31,142
0;29,141
0;33,141
1;37,142
0;36,141
1;46,142
0;48,141
0;49,141
1;59,142
1;64,142
1;69,142
1;70,142
0;68,141
1;74,142
1;75,142
0;77,141
0;83,141
1;87,142
0;85,141
0;88,141
0;93,141
1;97,142
1;100,142
0;99,141
1;110,142
0;108,141
1;116,142
0;115,141
0;123,141
0;124,141
1;130,142
1;131,142
0;132,141
0;133,141
0;139,141
0;141,141
0;142,141
0;146,141
0;149,141
0;150,141
0;155,141
1;163,142
0;164,141
0;167,141
0;-30,142
0;-29,142
0;-27,142
0;-26,142
1;-16,143
0;-17,142
0;-10,142
0;-8,142
1;-4,143
1;-2,143
0;-2,142
0;3,142
0;8,142
1;14,143
0;15,142
1;19,143
1;22,143
1;25,143
0;26,142
1;34,143
1;35,143
0;36,142
1;41,143
0;39,142
0;43,142
1;47,143
1;50,143
1;54,143
1;60,143
1;61,143
0;61,142
1;65,143
1;72,143
1;80,143
0;81,142
0;86,142
1;90,143
1;93,143
0;92,142
0;93,142
1;102,143
1;103,143
0;104,142
1;108,143
0;108,142
0;115,142
1;119,143
1;125,143
1;126,143
1;129,143
0;129,142
1;135,143
0;133,142
0;139,142
0;140,142
0;142,142
1;159,143
0;157,142
1;165,143
0;163,142
0;-27,143
1;-23,144
1;-19,144
0;-21,143
0;-12,143
0;-11,143
0;-10,143
1;-4,144
1;-3,144
0;-3,143
0;4,143
0;5,143
1;15,144
0;13,143
0;19,143
1;26,144
1;31,144
1;34,144
1;35,144
1;40,144
1;41,144
0;39,143
0;42,143
0;46,143
1;52,144
0;50,143
1;56,144
0;54,143
1;61,144
0;60,143
1;70,144
1;73,144
0;75,143
1;79,144
1;81,144
0;79,143
0;88,143
0;89,143
1;96,144
0;100,143
1;106,144
1;109,144
0;107,143
1;114,144
1;119,144
1;124,144
0;124,143
1;128,144
0;130,143
1;137,144
1;138,144
1;142,144
0;141,143
0;144,143
0;148,143
0;151,143
0;154,143
1;164,144
0;166,143
1;-27,145
1;-26,145
0;-25,144
1;-21,145
0;-19,144
1;-12,145
1;-11,145
0;-9,144
0;-8,144
0;-5,144
1;-1,145
0;5,144
1;12,145
0;14,144
0;24,144
0;26,144
1;32,145
0;33,144
0;34,144
0;39,144
0;40,144
1;46,145
1;47,145
0;45,144
0;48,144
0;56,144
0;59,144
1;66,145
1;67,145
1;70,145
0;70,144
0;73,144
0;79,144
1;88,145
0;86,144
1;92,145
0;90,144
1;96,145
0;95,144
1;101,145
0;100,144
1;107,145
0;106,144
0;111,144
0;116,144
1;123,145
0;127,144
0;132,144
0;141,144
1;145,145
1;147,145
0;146,144
0;147,144
1;153,145
0;153,144
0;155,144
0;160,144
0;164,144
1;170,145
0;-30,145
0;-29,145
1;-24,146
1;-21,146
1;-19,146
1;-15,146
0;-17,145
1;-4,146
0;-6,145
1;-2,146
0;-2,145
0;2,145
1;8,146
0;6,145
1;10,146
1;12,146
0;12,145
1;19,146
0;18,145
1;26,146
0;26,145
0;29,145
1;35,146
1;36,146
1;39,146
0;41,145
1;45,146
0;48,145
0;52,145
1;58,146
0;57,145
0;60,145
0;63,145
0;64,145
0;68,145
1;72,146
1;79,146
0;78,145
1;84,146
0;85,145
1;93,146
0;91,145
1;104,146
0;104,145
1;112,146
1;113,146
0;114,145
0;115,145
1;120,146
0;119,145
1;123,146
0;122,145
1;134,146
1;138,146
0;136,145
0;137,145
0;138,145
1;145,146
0;143,145
1;153,146
1;164,146
1;165,146
0;165,145
1;169,146
1;-28,147
1;-27,147
1;-23,147
1;-22,147
1;-20,147
0;-19,146
0;-18,146
1;-14,147
0;-12,146
0;-8,146
0;-5,146
1;3,147
1;4,147
0;2,146
0;5,146
0;8,146
0;12,146
0;14,146
1;29,147
1;30,147
1;34,147
1;37,147
1;40,147
0;38,146
1;45,147
1;47,147
1;48,147
1;51,147
1;54,147
1;59,147
0;59,146
0;61,146
0;62,146
1;69,147
1;70,147
0;73,146
1;79,147
1;84,147
0;85,146
0;88,146
1;95,147
1;96,147
0;97,146
1;103,147
1;104,147
0;105,146
1;113,147
1;117,147
0;117,146
0;118,146
1;132,147
0;130,146
1;138,147
1;139,147
0;139,146
1;148,147
1;149,147
0;150,146
1;156,147
1;159,147
1;160,147
1;165,147
0;166,146
0;167,146
0;-30,147
0;-29,147
0;-27,147
1;-19,148
1;-16,148
1;-12,148
0;-13,147
1;-9,148
1;-6,148
1;0,148
0;-2,147
1;6,148
1;7,148
0;7,147
0;13,147
0;24,147
1;28,148
0;28,147
1;34,148
1;37,148
1;38,148
1;39,148
0;38,147
0;43,147
1;50,148
1;53,148
0;54,147
0;57,147
1;61,148
1;62,148
0;60,147
0;63,147
0;68,147
1;72,148
1;77,148
0;78,147
0;83,147
0;84,147
0;85,147
1;89,148
0;87,147
0;89,147
0;92,147
1;96,148
0;95,147
0;96,147
1;107,148
0;105,147
0;109,147
1;113,148
1;119,148
1;122,148
1;124,148
1;125,148
1;126,148
0;128,147
0;133,147
0;138,147
0;145,147
1;149,148
1;152,148
0;150,147
0;152,147
0;158,147
1;167,148
1;-28,149
0;-24,148
1;-20,149
1;-17,149
0;-17,148
0;-13,148
1;-7,149
1;-2,149
1;4,149
1;5,149
1;8,149
0;11,148
1;17,149
1;20,149
0;20,148
0;24,148
0;25,148
1;32,149
0;30,148
0;31,148
1;37,149
0;36,148
0;37,148
0;43,148
0;50,148
0;54,148
0;55,148
0;57,148
0;58,148
0;62,148
0;65,148
0;66,148
0;69,148
1;73,149
1;74,149
1;78,149
1;84,149
1;85,149
0;86,148
0;91,148
1;95,149
0;95,148
1;101,149
0;99,148
1;111,149
0;109,148
0;115,148
1;119,149
0;118,148
1;124,149
0;123,148
1;129,149
0;129,148
0;130,148
1;135,149
0;135,148
0;143,148
0;148,148
0;149,148
0;151,148
1;156,149
0;154,148
0;156,148
1;169,149
1;170,149
1;-27,150
1;-24,150
0;-26,149
0;-24,149
1;-15,150
1;-14,150
1;-13,150
0;-14,149
1;-5,150
1;-4,150
0;-3,149
0;5,149
0;8,149
1;14,150
0;16,149
1;24,150
0;24,149
0;26,149
1;30,150
1;33,150
1;40,150
1;44,150
1;46,150
0;44,149
1;50,150
0;50,149
0;54,149
1;65,150
0;65,149
1;69,150
1;78,150
1;82,150
1;83,150
1;89,150
0;89,149
0;91,149
0;92,149
0;98,149
0;102,149
0;103,149
0;105,149
0;106,149
1;117,150
1;120,150
0;118,149
0;121,149
0;126,149
0;130,149
1;142,150
1;145,150
1;146,150
1;151,150
1;153,150
1;156,150
0;158,149
0;163,149
0;164,149
0;-31,150
1;-25,151
1;-24,151
0;-24,150
0;-23,150
0;-18,150
0;-14,150
0;-9,150
0;-5,150
1;-1,151
0;1,150
1;5,151
0;5,150
1;9,151
1;14,151
1;16,151
0;15,150
0;18,150
1;28,151
1;30,151
1;31,151
1;40,151
1;41,151
0;39,150
0;46,150
1;54,151
0;57,150
0;58,150
0;66,150
0;69,150
0;75,150
1;79,151
0;78,150
1;84,151
0;86,150
0;89,150
1;95,151
0;93,150
0;97,150
1;101,151
0;102,150
0;103,150
0;107,150
1;117,151
0;118,150
1;122,151
0;123,150
0;128,150
0;129,150
1;135,151
1;138,151
1;141,151
0;142,150
0;143,150
1;147,151
0;153,150
1;157,151
1;160,151
1;162,151
0;161,150
0;-31,151
0;-30,151
0;-28,151
1;-22,152
1;-21,152
0;-19,151
1;-11,152
1;-9,152
1;-8,152
1;-4,152
0;-5,151
1;-1,152
1;2,152
0;0,151
1;13,152
0;20,151
0;22,151
1;26,152
0;28,151
0;34,151
0;37,151
1;41,152
0;41,151
0;42,151
0;45,151
1;49,152
0;48,151
1;53,152
0;53,151
0;57,151
1;65,152
0;65,151
1;72,152
0;70,151
1;75,152
0;73,151
0;79,151
1;84,152
0;82,151
0;86,151
1;92,152
0;92,151
1;99,152
1;103,152
0;105,151
1;110,152
1;111,152
1;117,152
1;122,152
1;125,152
0;125,151
1;129,152
0;130,151
1;136,152
0;136,151
1;146,152
1;147,152
0;147,151
0;150,151
0;153,151
1;157,152
0;159,151
1;166,152
0;168,151
1;-26,153
0;-28,152
0;-27,152
0;-26,152
1;-20,153
1;-19,153
1;-16,153
1;-13,153
0;-10,152
0;-7,152
0;-6,152
0;-3,152
1;5,153
1;9,153
0;7,152
0;11,152
0;17,152
1;25,153
0;23,152
1;27,153
1;30,153
1;37,153
1;39,153
1;40,153
0;38,152
0;43,152
1;52,153
0;50,152
0;51,152
0;52,152
1;61,153
0;59,152
1;66,153
1;71,153
1;74,153
1;75,153
0;74,152
0;79,152
0;83,152
0;84,152
1;90,153
0;92,152
0;94,152
0;97,152
1;101,153
0;100,152
0;105,152
0;107,152
1;115,153
0;113,152
1;121,153
0;121,152
1;128,153
0;126,152
0;131,152
1;136,153
1;137,153
0;138,152
0;144,152
1;148,153
1;151,153
1;155,153
1;157,153
1;158,153
0;157,152
0;162,152
0;163,152
0;164,152
0;165,152
1;169,153
0;167,152
1;-28,154
1;-25,154
0;-27,153
1;-22,154
1;-17,154
1;-11,154
1;-10,154
1;-2,154
0;-4,153
0;-1,153
0;0,153
1;5,154
0;15,153
1;19,154
1;21,154
1;24,154
0;23,153
0;26,153
1;36,154
0;37,153
1;41,154
1;44,154
0;42,153
0;45,153
1;51,154
0;51,153
0;52,153
0;57,153
1;61,154
1;66,154
1;69,154
0;67,153
1;73,154
0;73,153
1;85,154
1;89,154
1;90,154
0;89,153
0;92,153
0;100,153
1;104,154
0;105,153
1;109,154
1;113,154
1;114,154
1;116,154
1;119,154
1;121,154
0;121,153
0;127,153
1;133,154
0;133,153
0;136,153
0;138,153
1;142,154
0;141,153
1;152,154
1;153,154
0;152,153
0;153,153
0;157,153
1;161,154
0;161,153
0;-29,154
1;-24,155
1;-23,155
0;-20,154
0;-16,154
0;-15,154
1;-10,155
0;-11,154
0;-10,154
0;-6,154
1;0,155
0;2,154
1;8,155
1;9,155
0;7,154
0;12,154
1;18,155
0;17,154
0;18,154
0;20,154
0;28,154
1;32,155
1;33,155
0;35,154
0;39,154
1;43,155
0;54,154
1;60,155
1;61,155
0;60,154
0;62,154
1;68,155
0;66,154
0;67,154
1;78,155
0;76,154
0;81,154
1;85,155
0;87,154
0;88,154
1;94,155
0;93,154
0;100,154
1;110,155
1;111,155
0;109,154
0;115,154
1;120,155
1;121,155
0;119,154
0;120,154
0;127,154
1;133,155
1;137,155
1;145,155
1;147,155
1;148,155
0;147,154
0;148,154
1;156,155
0;155,154
1;159,155
0;161,154
1;165,155
0;165,154
0;166,154
1;-28,156
1;-20,156
1;-19,156
0;-17,155
1;-13,156
1;-12,156
1;-8,156
0;-8,155
1;-1,156
1;2,156
1;4,156
0;2,155
0;3,155
0;6,155
0;11,155
0;12,155
0;15,155
0;18,155
1;24,156
0;26,155
1;30,156
1;32,156
0;31,155
1;37,156
1;40,156
0;41,155
1;50,156
1;51,156
1;54,156
1;55,156
0;54,155
1;61,156
0;63,155
0;69,155
1;74,156
0;72,155
0;73,155
1;81,156
1;84,156
0;82,155
0;86,155
0;93,155
1;99,156
0;98,155
0;99,155
0;107,155
0;108,155
1;115,156
0;114,155
0;115,155
1;121,156
0;119,155
0;121,155
0;128,155
0;131,155
0;132,155
0;137,155
0;138,155
0;142,155
0;145,155
1;149,156
0;151,155
1;155,156
1;162,156
0;164,155
0;166,155
0;167,155
0;-31,156
1;-27,157
0;-27,156
0;-23,156
0;-22,156
1;-16,157
1;-15,157
0;-17,156
0;-14,156
1;-7,157
0;-5,156
0;6,156
0;7,156
0;10,156
1;16,157
1;17,157
1;20,157
1;23,157
0;23,156
0;24,156
0;25,156
1;32,157
1;37,157
1;43,157
1;44,157
0;44,156
0;45,156
1;52,157
0;50,156
0;52,156
0;53,156
1;60,157
1;63,157
0;62,156
0;65,156
1;71,157
0;70,156
0;71,156
0;79,156
1;83,157
1;86,157
1;89,157
1;93,157
0;91,156
0;95,156
1;103,157
0;103,156
0;107,156
0;108,156
1;112,157
0;114,156
0;120,156
1;124,157
1;128,157
1;133,157
1;140,157
0;143,156
0;145,156
1;149,157
0;148,156
0;151,156
0;154,156
0;158,156
0;159,156
0;164,156
1;170,157
0;-30,157
1;-26,158
1;-24,158
0;-24,157
1;-18,158
0;-20,157
1;-14,158
0;-16,157
0;-10,157
1;2,158
1;5,158
1;13,158
0;13,157
1;19,158
0;17,157
0;20,157
1;27,158
0;25,157
1;34,158
0;32,157
1;40,158
1;44,158
0;43,157
0;44,157
1;51,158
1;52,158
0;53,157
1;65,158
1;68,158
1;70,158
1;71,158
0;69,157
1;77,158
0;76,157
0;79,157
0;82,157
1;87,158
0;85,157
1;91,158
0;89,157
1;101,158
0;101,157
0;103,157
0;110,157
1;114,158
0;114,157
0;123,157
1;133,158
1;134,158
1;138,158
0;140,157
1;145,158
0;143,157
0;144,157
0;147,157
0;151,157
1;155,158
0;154,157
1;158,158
1;161,158
1;164,158
0;162,157
0;166,157
1;-27,159
1;-19,159
1;-14,159
1;-10,159
0;-9,158
0;-4,158
0;-3,158
1;2,159
1;5,159
0;6,158
0;9,158
0;12,158
1;19,159
1;22,159
0;22,158
0;23,158
1;27,159
0;26,158
0;29,158
1;35,159
0;34,158
0;43,158
0;45,158
1;49,159
1;55,159
1;58,159
1;59,159
0;58,158
1;64,159
1;65,159
0;63,158
1;72,159
1;77,159
0;76,158
1;81,159
0;79,158
1;88,159
1;91,159
0;93,158
1;99,159
1;102,159
0;100,158
0;101,158
0;107,158
1;113,159
0;112,158
0;119,158
1;127,159
0;125,158
1;133,159
0;134,158
0;138,158
0;139,158
1;152,159
0;151,158
0;152,158
1;159,159
1;162,159
1;165,159
1;170,159
0;168,158
0;-29,159
1;-25,160
0;-24,159
0;-23,159
1;-13,160
1;-12,160
1;-8,160
1;-7,160
1;-6,160
1;-2,160
1;3,160
0;3,159
0;6,159
1;10,160
1;11,160
0;12,159
1;16,160
0;17,159
1;25,160
0;23,159
0;25,159
1;34,160
1;36,160
1;42,160
0;42,159
1;53,160
1;55,160
1;56,160
0;57,159
0;60,159
1;68,160
0;68,159
0;70,159
1;74,160
1;82,160
0;80,159
1;85,160
0;84,159
1;95,160
1;98,160
1;105,160
1;108,160
1;111,160
0;115,159
0;119,159
0;120,159
0;125,159
1;129,160
0;130,159
0;137,159
0;138,159
1;145,160
1;146,160
1;148,160
0;147,159
0;152,159
1;158,160
1;161,160
0;160,159
0;165,159
0;166,159
1;-26,161
0;-28,160
1;-22,161
0;-21,160
0;-20,160
0;-17,160
1;-10,161
0;-10,160
0;0,160
1;6,161
1;7,161
1;10,161
0;8,160
0;9,160
1;20,161
1;21,161
1;26,161
1;29,161
1;31,161
0;30,160
1;34,161
0;35,160
1;42,161
1;43,161
0;42,160
1;48,161
0;47,160
1;53,161
1;57,161
0;61,160
1;68,161
1;72,161
1;73,161
1;79,161
1;82,161
0;82,160
0;84,160
1;88,161
1;92,161
1;94,161
1;99,161
1;100,161
1;103,161
0;102,160
0;109,160
0;110,160
1;116,161
0;114,160
0;123,160
1;127,161
0;125,160
0;128,160
1;132,161
0;134,160
0;139,160
1;145,161
1;149,161
0;147,160
1;161,161
0;160,160
1;166,161
0;167,160
1;-27,162
1;-26,162
1;-23,162
0;-25,161
0;-22,161
0;-12,161
0;-11,161
0;-10,161
0;-5,161
1;-1,162
0;-3,161
1;4,162
1;12,162
1;13,162
0;11,161
0;16,161
0;17,161
0;20,161
0;23,161
0;27,161
1;33,162
1;34,162
1;37,162
1;42,162
0;42,161
1;47,162
0;46,161
0;49,161
1;56,162
1;57,162
0;58,161
1;62,162
0;62,161
1;70,162
1;73,162
0;73,161
0;74,161
1;84,162
0;82,161
0;83,161
0;84,161
1;93,162
0;91,161
0;95,161
1;100,162
1;104,162
0;102,161
0;106,161
0;111,161
0;112,161
0;117,161
1;121,162
1;126,162
1;133,162
1;134,162
0;132,161
1;138,162
0;138,161
1;142,162
1;147,162
1;152,162
0;153,161
0;158,161
1;164,162
0;164,161
1;170,162
1;-28,163
0;-27,162
0;-24,162
1;-20,163
1;-16,163
0;-18,162
1;-14,163
0;-14,162
1;-10,163
1;-5,163
0;-2,162
0;-1,162
1;5,163
1;6,163
0;8,162
0;14,162
1;23,163
0;21,162
1;27,163
0;27,162
0;33,162
1;37,163
1;43,163
0;44,162
0;45,162
0;49,162
1;53,163
1;56,163
0;54,162
0;58,162
1;64,163
1;67,163
1;71,163
1;72,163
0;73,162
1;77,163
0;78,162
1;82,163
0;82,162
0;85,162
0;87,162
0;88,162
0;94,162
1;98,163
0;99,162
0;100,162
0;106,162
1;110,163
0;108,162
0;113,162
1;119,163
0;121,162
1;127,163
0;127,162
0;130,162
0;133,162
0;138,162
1;146,163
0;146,162
0;150,162
1;154,163
1;157,163
0;157,162
0;163,162
0;168,162
0;-31,163
1;-22,164
0;-18,163
1;-10,164
0;-11,163
1;-7,164
0;-8,163
1;-1,164
1;0,164
1;4,164
0;3,163
1;9,164
1;10,164
0;10,163
0;14,163
1;18,164
1;19,164
1;22,164
1;28,164
0;28,163
1;37,164
0;35,163
1;41,164
1;46,164
0;49,163
0;53,163
1;57,164
0;58,163
1;62,164
1;68,164
1;69,164
0;69,163
0;70,163
1;79,164
1;80,164
0;79,163
0;87,163
0;91,163
0;92,163
1;96,164
0;96,163
1;100,164
1;103,164
1;107,164
0;107,163
1;113,164
0;113,163
0;114,163
1;123,164
0;122,163
1;126,164
1;130,164
1;135,164
1;136,164
0;134,163
0;139,163
0;142,163
0;146,163
0;147,163
0;152,163
1;156,164
0;158,163
0;159,163
0;162,163
1;166,164
0;168,163
1;-28,165
1;-27,165
0;-27,164
0;-19,164
1;-15,165
1;-12,165
0;-14,164
0;-13,164
1;-8,165
1;3,165
1;7,165
0;6,164
0;9,164
0;13,164
1;18,165
0;17,164
1;21,165
0;20,164
0;26,164
0;29,164
0;30,164
1;37,165
1;38,165
0;40,164
1;44,165
1;49,165
1;50,165
1;52,165
0;52,164
0;56,164
0;59,164
1;68,165
0;67,164
0;68,164
1;80,165
1;83,165
0;85,164
1;91,165
1;94,165
1;97,165
0;95,164
0;98,164
1;102,165
0;102,164
0;107,164
1;111,165
0;109,164
1;117,165
1;118,165
0;119,164
0;120,164
0;125,164
1;130,165
0;130,164
1;134,165
1;135,165
0;133,164
1;141,165
0;144,164
0;145,164
0;151,164
1;158,165
1;161,165
1;169,165
0;-31,165
0;-30,165
0;-26,165
0;-25,165
1;-20,166
1;-17,166
0;-16,165
0;-11,165
1;-7,166
1;-6,166
1;-1,166
1;5,166
0;3,165
0;6,165
1;12,166
0;10,165
0;13,165
1;17,166
0;16,165
1;24,166
1;28,166
1;35,166
0;33,165
0;38,165
1;42,166
0;41,165
1;50,166
1;52,166
1;57,166
1;60,166
0;61,165
0;64,165
1;70,166
0;70,165
0;74,165
0;75,165
0;77,165
0;78,165
1;85,166
0;86,165
0;87,165
0;92,165
1;103,166
1;104,166
0;103,165
1;109,166
0;108,165
0;109,165
0;113,165
1;119,166
1;123,166
1;124,166
1;126,166
1;131,166
1;135,166
0;135,165
1;140,166
0;140,165
0;147,165
1;155,166
0;157,165
0;158,165
0;163,165
0;-27,166
0;-26,166
0;-19,166
1;-11,167
1;-7,167
0;-8,166
1;-4,167
1;-1,167
0;-3,166
1;3,167
1;6,167
1;9,167
0;7,166
1;16,167
1;19,167
1;20,167
1;25,167
1;32,167
1;34,167
0;33,166
0;34,166
0;38,166
1;46,167
0;45,166
1;53,167
1;55,167
1;57,167
0;59,166
1;67,167
0;67,166
1;72,167
1;75,167
0;76,166
1;85,167
0;83,166
0;91,166
1;97,167
0;96,166
1;100,167
1;103,167
0;101,166
0;107,166
0;109,166
1;122,167
1;123,167
0;123,166
1;127,167
0;127,166
1;132,167
1;133,167
1;139,167
0;144,166
1;148,167
0;148,166
1;154,167
1;164,167
1;167,167
0;-31,167
1;-27,168
0;-28,167
1;-21,168
0;-23,167
1;-13,168
1;-8,168
0;-6,167
1;-2,168
1;4,168
0;2,167
0;4,167
1;10,168
0;11,167
1;19,168
0;22,167
1;26,168
1;27,168
1;28,168
1;32,168
1;38,168
0;40,167
0;44,167
1;48,168
1;54,168
0;54,167
0;56,167
1;64,168
1;70,168
0;74,167
1;78,168
0;77,167
0;78,167
1;84,168
0;86,167
0;88,167
0;95,167
1;99,168
0;97,167
1;101,168
0;100,167
0;103,167
0;108,167
0;109,167
0;112,167
1;121,168
1;125,168
1;126,168
0;127,167
0;133,167
1;143,168
0;146,167
0;149,167
1;157,168
0;158,167
0;159,167
0;164,167
0;-29,168
1;-25,169
0;-23,168
0;-22,168
1;-15,169
0;-13,168
0;-10,168
0;-9,168
0;-6,168
1;-2,169
0;-3,168
0;0,168
1;4,169
1;13,169
1;18,169
1;19,169
0;18,168
1;26,169
0;28,168
0;31,168
0;32,168
0;36,168
1;40,169
0;41,168
0;47,168
1;51,169
0;53,168
1;62,169
1;63,169
1;67,169
1;74,169
1;79,169
0;81,168
0;84,168
0;88,168
1;93,169
1;94,169
1;97,169
0;97,168
0;105,168
0;108,168
1;114,169
1;119,169
1;121,169
1;122,169
0;120,168
0;123,168
0;127,168
0;132,168
0;136,168
0;140,168
1;144,169
1;149,169
1;150,169
0;150,168
1;154,169
0;158,168
1;162,169
1;168,169
0;168,168
1;-27,170
1;-26,170
0;-26,169
0;-22,169
1;-18,170
1;-16,170
1;-9,170
1;-6,170
1;-5,170
0;-7,169
0;-6,169
1;1,170
1;4,170
0;5,169
0;8,169
0;9,169
1;13,170
1;14,170
1;18,170
1;20,170
0;20,169
1;28,170
1;29,170
0;28,169
0;36,169
0;37,169
0;46,169
0;47,169
0;54,169
1;59,170
1;61,170
0;59,169
1;68,170
0;66,169
0;71,169
0;72,169
1;80,170
1;81,170
0;79,169
0;80,169
0;85,169
1;95,170
1;100,170
1;103,170
1;104,170
0;103,169
0;104,169
0;112,169
1;117,170
1;120,170
0;123,169
1;127,170
1;130,170
1;137,170
1;140,170
0;139,169
0;145,169
1;149,170
1;155,170
0;156,169
1;163,170
1;166,170
1;167,170
0;165,169
0;-28,170
0;-27,170
1;-22,171
1;-21,171
1;-19,171
1;-12,171
0;-10,170
1;-6,171
1;-3,171
0;-5,170
1;1,171
0;1,170
0;5,170
1;11,171
1;14,171
0;14,170
1;22,171
1;23,171
1;25,171
0;23,170
1;32,171
0;33,170
1;39,171
0;38,170
1;42,171
0;41,170
0;50,170
1;56,171
0;54,170
1;63,171
0;65,170
0;69,170
1;75,171
0;74,170
1;78,171
1;79,171
0;81,170
1;86,171
1;88,171
1;92,171
0;92,170
0;99,170
0;103,170
1;108,171
0;110,170
1;118,171
1;119,171
0;121,170
1;127,171
0;127,170
0;128,170
0;131,170
1;135,171
1;136,171
1;138,171
0;137,170
0;140,170
1;147,171
1;150,171
1;152,171
1;157,171
1;160,171
0;162,170
1;170,171
1;-28,172
1;-25,172
0;-22,171
1;-18,172
0;-18,171
1;-12,172
1;-11,172
0;-9,171
0;-6,171
1;-2,172
1;1,172
0;-1,171
0;3,171
1;9,172
1;16,172
1;21,172
1;22,172
0;20,171
0;26,171
1;30,172
1;32,172
0;31,171
1;35,172
1;46,172
0;44,171
0;48,171
0;49,171
1;53,172
0;55,171
1;62,172
1;63,172
0;63,171
0;67,171
1;71,172
1;77,172
0;79,171
1;83,172
1;86,172
0;86,171
0;89,171
1;93,172
1;96,172
0;95,171
0;98,171
0;104,171
0;109,171
1;113,172
0;111,171
0;116,171
0;117,171
0;122,171
1;126,172
1;129,172
0;128,171
0;129,171
0;139,171
1;145,172
0;151,171
0;152,171
1;159,172
0;159,171
1;166,172
0;168,171
1;-26,173
0;-25,172
0;-22,172
1;-16,173
0;-14,172
1;-8,173
0;-10,172
0;-9,172
1;-3,173
0;-4,172
1;4,173
1;6,173
0;4,172
1;14,173
1;17,173
0;18,172
1;25,173
0;23,172
1;27,173
0;28,172
1;38,173
0;36,172
0;44,172
0;45,172
0;50,172
0;51,172
0;56,172
0;62,172
0;63,172
0;64,172
1;72,173
0;73,172
0;74,172
1;80,173
0;78,172
0;88,172
0;89,172
0;91,172
1;95,173
1;100,173
0;102,172
0;104,172
1;110,173
1;111,173
0;111,172
0;115,172
0;118,172
0;121,172
1;125,173
1;131,173
0;129,172
0;133,172
1;140,173
0;140,172
0;141,172
0;144,172
1;150,173
0;156,172
0;157,172
0;161,172
0;164,172
0;165,172
0;-30,173
0;-26,173
0;-25,173
0;-23,173
1;-19,174
1;-12,174
1;-9,174
0;-9,173
1;-2,174
1;0,174
1;2,174
1;4,174
0;2,173
0;8,173
1;17,174
1;18,174
1;21,174
0;20,173
1;26,174
1;28,174
0;27,173
1;35,174
1;39,174
0;37,173
1;43,174
0;41,173
0;47,173
1;53,174
1;54,174
0;54,173
1;60,174
0;61,173
1;68,174
0;72,173
0;75,173
1;84,174
0;82,173
0;84,173
0;85,173
0;93,173
0;100,173
1;107,174
1;112,174
0;110,173
0;115,173
1;121,174
0;119,173
0;121,173
0;128,173
1;132,174
1;135,174
0;137,173
1;146,174
1;147,174
1;150,174
1;153,174
0;155,173
0;156,173
1;164,174
0;168,173
0;-29,174
0;-26,174
0;-25,174
0;-22,174
0;-19,174
0;-15,174
0;-12,174
1;-8,175
0;-9,174
0;-6,174
0;-4,174
0;4,174
0;7,174
0;10,174
0;15,174
0;18,174
0;22,174
0;27,174
1;31,175
0;31,174
0;32,174
0;41,174
1;45,175
1;47,175
0;48,174
0;51,174
1;57,175
1;60,175
0;59,174
1;66,175
0;68,174
0;73,174
1;77,175
0;79,174
0;85,174
0;88,174
0;92,174
0;95,174
0;96,174
1;105,175
0;103,174
0;105,174
1;111,175
0;114,174
0;115,174
1;120,175
1;121,175
0;121,174
1;127,175
1;130,175
1;133,175
1;141,175
0;139,174
0;142,174
1;146,175
1;149,175
0;150,174
1;154,175
1;158,175
0;156,174
1;164,175
1;165,175
0;165,174
1;171,175
0;-31,175
0;-30,175
1;-24,176
0;-26,175
0;-23,175
1;-19,176
0;-20,175
1;-10,176
0;-4,175
1;0,176
1;1,176
1;5,176
1;6,176
0;5,175
0;13,175
0;16,175
1;22,176
1;23,176
0;24,175
1;30,176
1;32,176
0;31,175
1;41,176
1;44,176
0;43,175
1;51,176
1;53,176
0;52,175
1;62,176
0;65,175
0;68,175
0;71,175
0;72,175
1;81,176
1;82,176
0;84,175
0;86,175
0;91,175
0;94,175
1;98,176
0;99,175
0;103,175
0;104,175
1;108,176
1;109,176
0;111,175
0;114,175
0;115,175
0;120,175
0;121,175
0;125,175
0;126,175
0;133,175
0;134,175
1;139,176
1;140,176
0;142,175
0;146,175
0;150,175
1;154,176
0;160,175
0;162,175
0;163,175
1;-28,177
0;-30,176
1;-25,177
0;-26,176
0;-25,176
1;-21,177
0;-16,176
1;-12,177
0;-13,176
0;-7,176
0;-2,176
0;1,176
0;8,176
0;9,176
0;10,176
0;11,176
1;21,177
1;22,177
1;25,177
0;23,176
1;32,177
0;30,176
1;34,177
0;35,176
0;40,176
0;43,176
0;44,176
0;47,176
0;51,176
1;55,177
1;61,177
0;59,176
0;60,176
1;68,177
1;69,177
0;71,176
0;72,176
1;81,177
0;86,176
1;92,177
0;93,176
0;94,176
0;96,176
0;99,176
1;106,177
0;105,176
0;106,176
0;112,176
1;116,177
0;116,176
0;117,176
1;123,177
0;123,176
1;127,177
1;130,177
0;131,176
1;135,177
1;142,177
1;145,177
0;145,176
1;149,177
0;149,176
1;156,177
1;159,177
0;158,176
1;165,177
0;165,176
0;-31,177
0;-30,177
0;-29,177
0;-23,177
0;-22,177
1;-15,178
0;-17,177
1;-10,178
0;-12,177
0;-11,177
0;-8,177
1;-4,178
0;-5,177
0;0,177
0;4,177
0;7,177
0;8,177
0;15,177
1;19,178
0;17,177
1;28,178
1;31,178
1;36,178
1;37,178
0;38,177
1;42,178
1;48,178
0;48,177
1;56,178
1;57,178
1;60,178
0;58,177
0;60,177
0;64,177
0;65,177
1;71,178
1;75,178
0;74,177
1;81,178
0;81,177
1;87,178
1;88,178
1;91,178
0;93,177
1;97,178
1;102,178
1;104,178
0;104,177
1;108,178
0;110,177
1;115,178
0;114,177
0;115,177
1;125,178
1;128,178
0;127,177
1;135,178
1;136,178
0;135,177
0;140,177
1;149,178
0;147,177
0;151,177
0;154,177
0;155,177
0;160,177
0;161,177
0;165,177
0;166,177
0;-29,178
1;-24,179
0;-26,178
1;-19,179
0;-15,178
0;-4,178
0;-3,178
0;4,178
0;9,178
0;10,178
0;12,178
1;16,179
0;15,178
0;24,178
0;25,178
1;32,179
0;30,178
1;37,179
0;39,178
1;50,179
1;51,179
0;50,178
1;54,179
0;55,178
0;60,178
0;61,178
1;66,179
1;75,179
0;75,178
1;79,179
0;79,178
0;83,178
1;89,179
1;91,179
0;92,178
0;93,178
0;100,178
0;101,178
0;102,178
0;114,178
1;123,179
1;124,179
1;128,179
1;131,179
1;132,179
0;130,178
1;144,179
1;146,179
0;145,178
1;149,179
0;152,178
1;156,179
0;-31,179
0;-30,179
0;-28,179
0;-27,179
1;-20,180
0;-18,179
1;-9,180
1;-6,180
1;-3,180
1;2,180
0;0,179
1;6,180
0;6,179
0;9,179
0;15,179
1;21,180
1;23,180
0;23,179
0;24,179
1;28,180
0;29,179
0;32,179
0;35,179
1;43,180
1;44,180
0;43,179
0;48,179
1;52,180
0;50,179
1;57,180
0;63,179
1;73,180
0;73,179
0;78,179
1;82,180
0;82,179
1;86,180
1;89,180
1;92,180
1;93,180
1;96,180
1;99,180
0;97,179
0;98,179
0;107,179
0;113,179
1;117,180
1;118,180
1;121,180
0;119,179
1;130,180
0;129,179
0;132,179
1;136,180
0;134,179
1;145,180
1;146,180
0;144,179
0;147,179
1;156,180
1;159,180
1;162,180
0;162,179
1;168,180
0;166,179
1;-26,181
0;-26,180
1;-22,181
0;-24,180
0;-17,180
0;-13,180
1;2,181
1;7,181
1;8,181
1;9,181
1;11,181
1;13,181
0;11,180
1;21,181
0;31,180
1;35,181
1;40,181
1;43,181
0;41,180
0;47,180
1;52,181
0;54,180
0;58,180
0;59,180
0;62,180
0;63,180
0;66,180
0;70,180
0;74,180
1;78,181
0;78,180
0;79,180
1;83,181
1;86,181
0;84,180
0;88,180
1;98,181
1;102,181
0;101,180
0;102,180
0;106,180
0;110,180
0;113,180
1;119,181
1;122,181
0;121,180
0;128,180
0;132,180
1;136,181
0;137,180
1;141,181
0;140,180
0;143,180
0;145,180
0;146,180
1;155,181
0;153,180
1;162,181
1;164,181
1;165,181
0;164,180
0;-31,181
1;-27,182
0;-27,181
0;-26,181
1;-22,182
0;-20,181
1;-10,182
0;-10,181
1;-5,182
0;-6,181
1;1,182
0;1,181
1;6,182
0;5,181
0;10,181
0;11,181
1;15,182
1;16,182
0;17,181
0;22,181
1;27,182
1;34,182
0;33,181
0;40,181
1;46,182
1;49,182
1;50,182
1;55,182
0;55,181
1;66,182
0;68,181
0;69,181
0;72,181
1;81,182
1;82,182
1;84,182
1;85,182
1;86,182
0;84,181
0;92,181
0;93,181
1;101,182
1;102,182
0;100,181
0;108,181
1;114,182
0;114,181
1;120,182
1;121,182
0;119,181
0;124,181
0;127,181
0;132,181
1;136,182
0;135,181
0;147,181
0;148,181
1;154,182
1;156,182
0;154,181
1;159,182
0;158,181
1;168,182
0;168,181
1;-28,183
0;-29,182
1;-22,183
0;-22,182
1;-17,183
1;-12,183
1;-11,183
1;-8,183
1;-4,183
1;2,183
1;3,183
1;8,183
0;10,182
1;17,183
1;19,183
1;22,183
0;21,182
1;27,183
1;30,183
0;31,182
0;32,182
1;39,183
0;37,182
0;38,182
1;44,183
0;48,182
1;52,183
1;57,183
0;55,182
1;60,183
1;61,183
0;59,182
1;67,183
1;72,183
1;77,183
0;75,182
0;77,182
1;84,183
0;83,182
0;86,182
1;95,183
0;95,182
1;102,183
0;101,182
1;115,183
0;113,182
1;121,183
1;125,183
1;126,183
1;127,183
1;129,183
1;132,183
1;136,183
1;139,183
1;140,183
1;142,183
1;145,183
0;144,182
0;147,182
0;153,182
1;159,183
0;159,182
1;166,183
0;166,182
0;-30,183
1;-26,184
1;-24,184
1;-19,184
0;-20,183
1;-13,184
1;-12,184
0;-11,183
0;-7,183
0;-4,183
1;3,184
0;4,183
1;14,184
0;13,183
1;17,184
0;15,183
0;16,183
1;22,184
1;27,184
1;28,184
0;28,183
0;32,183
1;38,184
1;40,184
1;44,184
0;42,183
0;46,183
1;52,184
1;53,184
1;57,184
0;61,183
1;66,184
0;68,183
0;74,183
0;75,183
0;78,183
1;82,184
0;84,183
1;90,184
0;88,183
0;95,183
0;102,183
1;106,184
1;112,184
1;114,184
1;115,184
0;114,183
1;125,184
1;128,184
0;128,183
0;130,183
1;134,184
1;136,184
1;139,184
1;140,184
1;146,184
1;155,184
1;156,184
0;154,183
1;158,184
1;161,184
1;166,184
0;167,183
0;-26,184
1;-22,185
0;-24,184
0;-23,184
0;-18,184
0;-15,184
0;-14,184
0;-13,184
1;-9,185
0;-7,184
0;7,184
0;8,184
0;11,184
0;17,184
0;19,184
1;27,185
1;29,185
1;30,185
0;31,184
0;36,184
0;37,184
0;45,184
1;51,185
1;53,185
1;57,185
1;60,185
1;64,185
1;66,185
1;67,185
1;68,185
1;70,185
0;68,184
0;74,184
0;81,184
1;85,185
1;89,185
1;90,185
0;88,184
0;91,184
1;95,185
1;105,185
0;105,184
0;106,184
0;107,184
1;114,185
1;115,185
0;116,184
1;126,185
1;127,185
1;131,185
0;133,184
0;134,184
1;138,185
1;144,185
1;145,185
0;144,184
1;150,185
1;155,185
0;154,184
1;162,185
1;164,185
0;163,184
0;168,184
0;-31,185
0;-30,185
0;-26,185
1;-22,186
1;-18,186
1;-17,186
1;-16,186
1;-12,186
1;-6,186
1;-5,186
0;-2,185
0;1,185
0;2,185
0;6,185
0;9,185
0;11,185
0;17,185
1;21,186
1;24,186
0;29,185
0;37,185
0;42,185
0;43,185
0;45,185
0;46,185
0;50,185
0;60,185
0;61,185
0;62,185
1;66,186
1;67,186
0;70,185
1;82,186
0;80,185
0;83,185
0;84,185
0;87,185
1;92,186
0;96,185
0;100,185
1;111,186
0;109,185
1;116,186
0;114,185
1;121,186
1;122,186
0;123,185
1;127,186
1;129,186
0;128,185
1;134,186
1;136,186
1;141,186
1;145,186
0;147,185
1;151,186
0;151,185
1;157,186
1;160,186
0;160,185
1;164,186
0;163,185
0;164,185
0;168,185
1;-28,187
1;-22,187
1;-18,187
0;-14,186
1;-5,187
0;-7,186
0;-2,186
1;2,187
0;5,186
1;15,187
1;16,187
0;18,186
0;19,186
1;24,187
0;24,186
0;28,186
0;33,186
1;43,187
0;41,186
0;45,186
1;51,187
1;56,187
0;56,186
1;62,187
1;63,187
0;62,186
0;63,186
1;69,187
0;71,186
1;78,187
0;82,186
0;84,186
0;85,186
1;91,187
0;89,186
0;95,186
0;98,186
0;99,186
1;105,187
1;107,187
1;110,187
1;117,187
0;116,186
0;117,186
1;125,187
0;134,186
0;135,186
1;142,187
1;144,187
0;142,186
0;146,186
1;156,187
1;157,187
0;158,186
1;164,187
0;162,186
1;168,187
0;168,186
1;-27,188
1;-24,188
0;-26,187
1;-21,188
0;-21,187
1;-14,188
0;-14,187
1;-10,188
1;-7,188
1;-1,188
0;1,187
0;5,187
1;9,188
0;9,187
0;10,187
0;15,187
1;19,188
0;23,187
0;29,187
1;34,188
1;35,188
0;35,187
1;41,188
1;43,188
1;45,188
1;48,188
0;47,187
0;52,187
0;53,187
1;59,188
0;58,187
0;61,187
1;65,188
1;67,188
0;65,187
0;68,187
0;69,187
1;78,188
0;76,187
1;84,188
0;82,187
1;88,188
1;91,188
0;92,187
1;97,188
0;95,187
1;100,188
0;105,187
0;108,187
1;117,188
1;118,188
0;118,187
0;121,187
1;126,188
0;124,187
1;133,188
0;137,187
0;139,187
1;143,188
0;144,187
1;150,188
1;151,188
0;152,187
1;156,188
1;159,188
0;160,187
1;164,188
1;171,188
1;-28,189
1;-27,189
0;-28,188
0;-27,188
1;-21,189
0;-23,188
0;-20,188
1;-16,189
0;-17,188
0;-14,188
1;-2,189
0;-4,188
0;1,188
0;3,188
0;8,188
0;12,188
0;15,188
0;19,188
0;23,188
0;24,188
0;26,188
0;29,188
0;31,188
0;36,188
0;38,188
0;39,188
0;45,188
0;48,188
1;57,189
0;58,188
1;62,189
1;64,189
0;62,188
0;72,188
1;76,189
0;75,188
1;82,189
0;81,188
1;85,189
0;84,188
1;92,189
0;90,188
1;97,189
0;97,188
0;103,188
0;104,188
0;111,188
0;112,188
0;118,188
1;122,189
1;130,189
0;130,188
1;134,189
1;137,189
0;135,188
0;139,188
0;140,188
0;144,188
0;145,188
1;152,189
0;156,188
1;161,189
0;163,188
0;165,188
1;171,189
1;-26,190
0;-28,189
1;-20,190
0;-22,189
1;-17,190
0;-17,189
1;-8,190
0;-9,189
0;-8,189
1;-1,190
1;0,190
0;2,189
0;8,189
1;14,190
1;15,190
1;18,190
0;16,189
0;22,189
1;28,190
0;26,189
0;31,189
0;35,189
1;39,190
1;40,190
0;40,189
0;41,189
1;47,190
0;47,189
0;48,189
0;51,189
0;54,189
1;58,190
1;59,190
1;64,190
0;64,189
0;65,189
1;72,190
1;74,190
1;78,190
0;82,189
1;89,190
0;93,189
0;94,189
1;103,190
1;104,190
0;102,189
0;105,189
0;112,189
1;116,190
1;118,190
0;116,189
0;117,189
1;125,190
1;126,190
0;127,189
0;128,189
1;138,190
1;140,190
0;138,189
0;139,189
1;145,190
0;145,189
0;150,189
1;154,190
1;160,190
1;162,190
0;160,189
1;165,190
1;-28,191
1;-27,191
1;-26,191
0;-26,190
1;-20,191
1;-19,191
0;-12,190
1;-5,191
0;-6,190
1;1,191
1;7,191
1;10,191
0;8,190
1;16,191
1;17,191
1;20,191
0;18,190
1;25,191
1;26,191
0;24,190
1;32,191
0;33,190
0;34,190
0;38,190
1;42,191
1;45,191
0;43,190
0;54,190
1;58,191
0;57,190
0;62,190
0;63,190
1;69,191
1;78,191
1;79,191
0;77,190
1;85,191
1;89,191
1;94,191
0;95,190
1;102,191
1;103,191
0;101,190
0;104,190
0;106,190
1;113,191
0;111,190
0;115,190
1;119,191
0;123,190
0;128,190
1;132,191
1;133,191
1;138,191
0;139,190
0;140,190
1;146,191
0;147,190
0;152,190
1;158,191
0;160,190
1;164,191
0;164,190
0;165,190
0;-30,191
1;-25,192
0;-27,191
0;-25,191
0;-24,191
0;-16,191
1;-4,192
1;-3,192
0;-4,191
0;4,191
1;9,192
0;7,191
0;9,191
1;20,192
1;22,192
0;26,191
1;30,192
0;28,191
0;29,191
0;36,191
1;40,192
1;41,192
0;41,191
1;48,192
1;54,192
0;56,191
0;60,191
1;66,192
1;67,192
0;66,191
0;69,191
1;75,192
0;75,191
0;81,191
1;85,192
1;90,192
0;89,191
0;94,191
1;101,192
1;104,192
1;107,192
1;108,192
1;112,192
1;114,192
0;115,191
0;116,191
1;122,192
0;122,191
1;128,192
1;131,192
1;134,192
0;138,191
0;144,191
0;147,191
0;148,191
0;152,191
1;159,192
1;162,192
1;163,192
1;165,192
0;167,191
1;-26,193
1;-25,193
0;-27,192
0;-24,192
1;-16,193
1;-10,193
1;-9,193
1;-8,193
1;-3,193
0;-2,192
1;4,193
0;7,192
1;11,193
1;13,193
1;15,193
0;13,192
1;24,193
1;28,193
1;31,193
1;33,193
1;35,193
1;36,193
1;40,193
1;45,193
1;47,193
0;46,192
0;47,192
1;54,193
1;56,193
1;58,193
0;56,192
1;65,193
1;68,193
0;67,192
1;75,193
0;73,192
0;74,192
0;79,192
1;85,193
1;86,193
0;86,192
0;88,192
1;92,193
1;95,193
0;93,192
1;98,193
1;101,193
1;105,193
1;110,193
1;113,193
1;115,193
0;117,192
0;123,192
1;129,193
0;127,192
1;133,193
0;132,192
1;140,193
1;142,193
0;140,192
0;143,192
0;144,192
1;151,193
1;152,193
0;150,192
0;153,192
0;158,192
1;165,193
0;163,192
0;166,192
1;-28,194
1;-27,194
1;-23,194
0;-25,193
0;-22,193
0;-19,193
1;-14,194
0;-15,193
1;-10,194
0;-6,193
1;0,194
1;3,194
1;4,194
0;6,193
1;11,194
0;13,193
1;17,194
1;18,194
1;28,194
0;26,193
0;27,193
1;33,194
0;36,193
0;39,193
1;50,194
1;54,194
0;54,193
1;60,194
1;63,194
1;67,194
1;69,194
0;69,193
1;73,194
0;73,193
0;82,193
1;86,194
0;86,193
1;91,194
0;95,193
0;99,193
0;100,193
1;108,194
0;106,193
1;111,194
0;109,193
1;116,194
1;118,194
0;118,193
0;124,193
0;125,193
1;131,194
0;129,193
0;130,193
1;138,194
1;141,194
1;143,194
1;144,194
1;146,194
0;145,193
1;151,194
0;150,193
1;155,194
0;153,193
1;160,194
0;159,193
1;166,194
0;168,193
0;-30,194
1;-26,195
0;-26,194
0;-25,194
1;-15,195
1;-14,195
1;-10,195
1;-9,195
0;-11,194
1;-7,195
0;-9,194
0;-8,194
1;-1,195
0;-1,194
0;1,194
0;8,194
0;9,194
0;11,194
0;12,194
1;17,195
0;15,194
1;21,195
1;24,195
1;28,195
1;29,195
0;27,194
1;34,195
1;35,195
1;40,195
0;41,194
0;45,194
1;53,195
0;51,194
1;55,195
0;55,194
1;64,195
0;67,194
1;71,195
1;72,195
1;73,195
0;73,194
1;83,195
0;84,194
0;89,194
0;91,194
1;95,195
0;98,194
1;107,195
0;105,194
0;108,194
0;111,194
0;112,194
1;120,195
0;118,194
0;119,194
0;127,194
0;128,194
1;134,195
0;132,194
1;136,195
0;137,194
1;141,195
0;141,194
0;143,194
0;147,194
1;152,195
1;153,195
1;159,195
0;160,194
0;166,194
1;-28,196
0;-30,195
0;-26,195
0;-21,195
0;-20,195
0;-11,195
0;-8,195
1;-4,196
0;-4,195
1;3,196
1;4,196
1;8,196
0;7,195
0;10,195
1;15,196
1;16,196
1;19,196
1;20,196
0;18,195
0;20,195
0;23,195
0;25,195
1;29,196
1;33,196
0;33,195
1;40,196
1;41,196
0;41,195
0;42,195
0;49,195
1;56,196
0;55,195
0;60,195
0;67,195
0;70,195
1;74,196
0;75,195
0;76,195
0;78,195
1;86,196
0;84,195
0;85,195
1;91,196
1;94,196
1;98,196
1;103,196
0;103,195
1;109,196
0;109,195
1;113,196
1;118,196
1;121,196
0;119,195
0;125,195
0;126,195
1;131,196
0;129,195
1;140,196
0;138,195
1;146,196
1;152,196
0;150,195
0;153,195
1;161,196
0;159,195
0;164,195
0;165,195
1;-28,197
1;-25,197
1;-21,197
1;-20,197
1;-13,197
0;-14,196
1;-7,197
0;-9,196
1;-4,197
0;5,196
0;14,196
0;17,196
1;25,197
0;23,196
0;26,196
0;28,196
0;29,196
1;36,197
0;34,196
0;35,196
0;40,196
0;45,196
0;46,196
1;53,197
0;54,196
1;58,197
1;59,197
1;60,197
0;60,196
0;61,196
0;68,196
1;72,197
1;75,197
0;76,196
1;82,197
0;81,196
0;86,196
0;87,196
0;91,196
0;98,196
1;102,197
0;101,196
1;105,197
0;107,196
0;108,196
1;114,197
1;115,197
1;119,197
0;121,196
1;125,197
1;126,197
0;125,196
1;131,197
1;136,197
0;138,196
0;144,196
1;148,197
1;151,197
1;152,197
1;165,197
1;166,197
1;169,197
1;-28,198
1;-27,198
0;-29,197
0;-22,197
1;-16,198
1;-15,198
1;-14,198
0;-16,197
0;-13,197
0;-10,197
1;-1,198
1;2,198
1;8,198
1;10,198
0;9,197
0;14,197
1;21,198
1;22,198
0;20,197
0;25,197
0;28,197
1;39,198
0;37,197
0;38,197
0;40,197
0;41,197
1;49,198
0;48,197
0;49,197
1;55,198
0;53,197
0;55,197
0;56,197
0;57,197
1;70,198
1;71,198
1;73,198
0;72,197
1;76,198
0;78,197
1;83,198
0;81,197
0;84,197
0;85,197
1;89,198
1;90,198
0;89,197
0;94,197
0;103,197
0;106,197
0;108,197
0;110,197
1;114,198
1;118,198
1;121,198
0;123,197
1;130,198
0;131,197
1;137,198
0;141,197
1;145,198
0;147,197
1;153,198
1;158,198
1;161,198
1;162,198
0;160,197
1;166,198
0;166,197
1;-28,199
1;-27,199
0;-25,198
0;-24,198
0;-19,198
1;-15,199
0;-17,198
0;-14,198
1;-10,199
1;-7,199
0;-9,198
0;-5,198
1;1,199
1;2,199
0;1,198
0;6,198
1;10,199
1;11,199
0;12,198
0;13,198
0;20,198
0;21,198
1;28,199
0;26,198
1;33,199
1;37,199
1;38,199
0;36,198
0;42,198
0;43,198
0;44,198
0;45,198
0;46,198
0;47,198
0;52,198
0;53,198
1;57,199
0;55,198
1;61,199
1;64,199
1;68,199
0;69,198
1;80,199
1;81,199
0;85,198
0;88,198
1;95,199
1;96,199
1;101,199
1;102,199
0;103,198
0;109,198
1;113,199
0;111,198
0;118,198
1;126,199
1;131,199
1;134,199
1;139,199
0;137,198
1;144,199
1;145,199
0;143,198
1;147,199
1;149,199
0;151,198
0;156,198
0;157,198
1;161,199
1;162,199
1;167,199
