8659
0;89,0
1;87,1
0;88,2
0;90,2
0;91,3
0;89,4
0;92,4
0;93,5
1;87,5
0;88,6
0;90,6
0;94,6
0;91,7
0;95,7
0;89,8
0;92,8
0;96,8
0;93,9
0;97,9
1;87,9
0;88,10
0;90,10
0;94,10
0;98,10
0;91,11
0;95,11
0;99,11
0;89,12
0;92,12
0;96,12
0;100,12
0;93,13
0;97,13
1;87,13
0;101,13
0;88,14
0;90,14
0;94,14
0;98,14
0;102,14
0;91,15
0;95,15
0;99,15
0;103,15
0;89,16
0;92,16
0;96,16
0;100,16
0;104,16
0;93,17
0;97,17
1;87,17
0;101,17
0;105,17
0;88,18
0;90,18
0;94,18
0;98,18
0;102,18
0;106,18
0;91,19
0;95,19
0;99,19
0;103,19
0;107,19
0;89,20
0;92,20
0;96,20
0;100,20
0;104,20
0;108,20
0;93,21
0;97,21
1;87,21
0;101,21
0;105,21
0;109,21
0;88,22
0;90,22
0;94,22
0;98,22
0;102,22
0;106,22
0;110,22
0;91,23
0;95,23
0;99,23
0;103,23
0;107,23
0;111,23
0;89,24
0;92,24
0;96,24
0;100,24
0;104,24
0;108,24
0;112,24
0;93,25
0;97,25
1;87,25
0;101,25
0;105,25
0;109,25
0;113,25
0;88,26
0;90,26
0;94,26
0;98,26
0;102,26
0;106,26
0;110,26
0;114,26
0;91,27
0;95,27
0;99,27
0;103,27
0;107,27
0;111,27
0;115,27
0;89,28
0;92,28
0;96,28
0;100,28
0;104,28
0;108,28
0;112,28
0;116,28
0;93,29
0;97,29
1;87,29
0;101,29
0;105,29
0;109,29
0;113,29
0;117,29
0;88,30
0;90,30
0;94,30
0;98,30
0;102,30
0;106,30
0;110,30
0;114,30
0;118,30
0;91,31
0;95,31
0;99,31
0;103,31
0;107,31
0;111,31
0;115,31
0;119,31
0;89,32
0;92,32
0;96,32
0;100,32
0;104,32
0;108,32
0;112,32
0;116,32
0;120,32
0;93,33
0;97,33
1;87,33
0;101,33
0;105,33
0;109,33
0;113,33
0;117,33
0;121,33
0;88,34
0;90,34
0;94,34
0;98,34
0;102,34
0;106,34
0;110,34
0;114,34
0;118,34
0;122,34
0;91,35
0;95,35
0;99,35
0;103,35
0;107,35
0;111,35
0;115,35
0;119,35
0;123,35
0;89,36
0;92,36
0;96,36
0;100,36
0;104,36
0;108,36
0;112,36
0;116,36
0;120,36
0;124,36
0;93,37
0;97,37
1;87,37
0;101,37
0;105,37
0;109,37
0;113,37
0;117,37
0;121,37
0;125,37
0;88,38
0;90,38
0;94,38
0;98,38
0;102,38
0;106,38
0;110,38
0;114,38
0;118,38
0;122,38
0;126,38
0;91,39
0;95,39
0;99,39
0;103,39
0;107,39
0;111,39
0;115,39
0;119,39
0;123,39
0;127,39
0;89,40
0;92,40
0;96,40
0;100,40
0;104,40
0;108,40
0;112,40
0;116,40
0;120,40
0;124,40
0;128,40
0;93,41
0;97,41
1;87,41
0;101,41
0;105,41
0;109,41
0;113,41
0;117,41
0;121,41
0;125,41
0;129,41
0;88,42
0;90,42
0;94,42
0;98,42
0;102,42
0;106,42
0;110,42
0;114,42
0;118,42
0;122,42
0;126,42
0;130,42
0;91,43
0;95,43
0;99,43
0;103,43
0;107,43
0;111,43
0;115,43
0;119,43
0;123,43
0;127,43
0;131,43
0;89,44
0;92,44
0;96,44
0;100,44
0;104,44
0;108,44
0;112,44
0;116,44
0;120,44
0;124,44
0;128,44
0;132,44
0;93,45
0;97,45
1;87,45
0;101,45
0;105,45
0;109,45
0;113,45
0;117,45
0;121,45
0;125,45
0;129,45
0;133,45
0;88,46
0;90,46
0;94,46
0;98,46
0;102,46
0;106,46
0;110,46
0;114,46
0;118,46
0;122,46
0;126,46
0;130,46
0;134,46
0;91,47
0;95,47
0;99,47
0;103,47
0;107,47
0;111,47
0;115,47
0;119,47
0;123,47
0;127,47
0;131,47
0;135,47
0;89,48
0;92,48
0;96,48
0;100,48
0;104,48
0;108,48
0;112,48
0;116,48
0;120,48
0;124,48
0;128,48
0;132,48
0;136,48
0;93,49
0;97,49
1;87,49
0;101,49
0;105,49
0;109,49
0;113,49
0;117,49
0;121,49
0;125,49
0;129,49
0;133,49
0;137,49
0;88,50
0;90,50
0;94,50
0;98,50
0;102,50
0;106,50
0;110,50
0;114,50
0;118,50
0;122,50
0;126,50
0;130,50
0;134,50
0;138,50
0;91,51
0;95,51
0;99,51
0;103,51
0;107,51
0;111,51
0;115,51
0;119,51
0;123,51
0;127,51
0;131,51
0;135,51
0;139,51
0;89,52
0;92,52
0;96,52
0;100,52
0;104,52
0;108,52
0;112,52
0;116,52
0;120,52
0;124,52
0;128,52
0;132,52
0;136,52
0;140,52
0;93,53
0;97,53
1;87,53
0;101,53
0;105,53
0;109,53
0;113,53
0;117,53
0;121,53
0;125,53
0;129,53
0;133,53
0;137,53
0;141,53
0;88,54
0;90,54
0;94,54
0;98,54
0;102,54
0;106,54
0;110,54
0;114,54
0;118,54
0;122,54
0;126,54
0;130,54
0;134,54
0;138,54
0;142,54
0;91,55
0;95,55
0;99,55
0;103,55
0;107,55
0;111,55
0;115,55
0;119,55
0;123,55
0;127,55
0;131,55
0;135,55
0;139,55
0;143,55
0;89,56
0;92,56
0;96,56
0;100,56
0;104,56
0;108,56
0;112,56
0;116,56
0;120,56
0;124,56
0;128,56
0;132,56
0;136,56
0;140,56
0;144,56
0;93,57
0;97,57
1;87,57
0;101,57
0;105,57
0;109,57
0;113,57
0;117,57
0;121,57
0;125,57
0;129,57
0;133,57
0;137,57
0;141,57
0;145,57
0;88,58
0;90,58
0;94,58
0;98,58
0;102,58
0;106,58
0;110,58
0;114,58
0;118,58
0;122,58
0;126,58
0;130,58
0;134,58
0;138,58
0;142,58
0;146,58
0;91,59
0;95,59
0;99,59
0;103,59
0;107,59
0;111,59
0;115,59
0;119,59
0;123,59
0;127,59
0;131,59
0;135,59
0;139,59
0;143,59
0;147,59
0;89,60
0;92,60
0;96,60
0;100,60
0;104,60
0;108,60
0;112,60
0;116,60
0;120,60
0;124,60
0;128,60
0;132,60
0;136,60
0;140,60
0;144,60
0;148,60
0;93,61
0;97,61
1;87,61
0;101,61
0;105,61
0;109,61
0;113,61
0;117,61
0;121,61
0;125,61
0;129,61
0;133,61
0;137,61
0;141,61
0;145,61
0;149,61
0;88,62
0;90,62
0;94,62
0;98,62
0;102,62
0;106,62
0;110,62
0;114,62
0;118,62
0;122,62
0;126,62
0;130,62
0;134,62
0;138,62
0;142,62
0;146,62
0;150,62
0;91,63
0;95,63
0;99,63
0;103,63
0;107,63
0;111,63
0;115,63
0;119,63
0;123,63
0;127,63
0;131,63
0;135,63
0;139,63
0;143,63
0;147,63
0;151,63
0;89,64
0;92,64
0;96,64
0;100,64
0;104,64
0;108,64
0;112,64
0;116,64
0;120,64
0;124,64
0;128,64
0;132,64
0;136,64
0;140,64
0;144,64
0;148,64
0;152,64
0;93,65
0;97,65
1;87,65
0;101,65
0;105,65
0;109,65
0;113,65
0;117,65
0;121,65
0;125,65
0;129,65
0;133,65
0;137,65
0;141,65
0;145,65
0;149,65
0;153,65
0;88,66
0;90,66
0;94,66
0;98,66
0;102,66
0;106,66
0;110,66
0;114,66
0;118,66
0;122,66
0;126,66
0;130,66
0;134,66
0;138,66
0;142,66
0;146,66
0;150,66
0;154,66
0;91,67
0;95,67
0;99,67
0;103,67
0;107,67
0;111,67
0;115,67
0;119,67
0;123,67
0;127,67
0;131,67
0;135,67
0;139,67
0;143,67
0;147,67
0;151,67
0;155,67
0;89,68
0;92,68
0;96,68
0;100,68
0;104,68
0;108,68
0;112,68
0;116,68
0;120,68
0;124,68
0;128,68
0;132,68
0;136,68
0;140,68
0;144,68
0;148,68
0;152,68
0;156,68
0;93,69
0;97,69
1;87,69
0;101,69
0;105,69
0;109,69
0;113,69
0;117,69
0;121,69
0;125,69
0;129,69
0;133,69
0;137,69
0;141,69
0;145,69
0;149,69
0;153,69
0;157,69
0;88,70
0;90,70
0;94,70
0;98,70
0;102,70
0;106,70
0;110,70
0;114,70
0;118,70
0;122,70
0;126,70
0;130,70
0;134,70
0;138,70
0;142,70
0;146,70
0;150,70
0;154,70
0;158,70
0;91,71
0;95,71
0;99,71
0;103,71
0;107,71
0;111,71
0;115,71
0;119,71
0;123,71
0;127,71
0;131,71
0;135,71
0;139,71
0;143,71
0;147,71
0;151,71
0;155,71
0;159,71
0;89,72
0;92,72
0;96,72
0;100,72
0;104,72
0;108,72
0;112,72
0;116,72
0;120,72
0;124,72
0;128,72
0;132,72
0;136,72
0;140,72
0;144,72
0;148,72
0;152,72
0;156,72
0;160,72
0;93,73
0;97,73
1;87,73
0;101,73
0;105,73
0;109,73
0;113,73
0;117,73
0;121,73
0;125,73
0;129,73
0;133,73
0;137,73
0;141,73
0;145,73
0;149,73
0;153,73
0;157,73
0;161,73
0;88,74
0;90,74
0;94,74
0;98,74
0;102,74
0;106,74
0;110,74
0;114,74
0;118,74
0;122,74
0;126,74
0;130,74
0;134,74
0;138,74
0;142,74
0;146,74
0;150,74
0;154,74
0;158,74
0;162,74
0;91,75
0;95,75
0;99,75
0;103,75
0;107,75
0;111,75
0;115,75
0;119,75
0;123,75
0;127,75
0;131,75
0;135,75
0;139,75
0;143,75
0;147,75
0;151,75
0;155,75
0;159,75
0;163,75
0;89,76
0;92,76
0;96,76
0;100,76
0;104,76
0;108,76
0;112,76
0;116,76
0;120,76
0;124,76
0;128,76
0;132,76
0;136,76
0;140,76
0;144,76
0;148,76
0;152,76
0;156,76
0;160,76
0;164,76
0;93,77
0;97,77
1;87,77
0;101,77
0;105,77
0;109,77
0;113,77
0;117,77
0;121,77
0;125,77
0;129,77
0;133,77
0;137,77
0;141,77
0;145,77
0;149,77
0;153,77
0;157,77
0;161,77
0;165,77
0;88,78
0;90,78
0;94,78
0;98,78
0;102,78
0;106,78
0;110,78
0;114,78
0;118,78
0;122,78
0;126,78
0;130,78
0;134,78
0;138,78
0;142,78
0;146,78
0;150,78
0;154,78
0;158,78
0;162,78
0;166,78
0;91,79
0;95,79
0;99,79
0;103,79
0;107,79
0;111,79
0;115,79
0;119,79
0;123,79
0;127,79
0;131,79
0;135,79
0;139,79
0;143,79
0;147,79
0;151,79
0;155,79
0;159,79
0;163,79
0;167,79
0;89,80
0;92,80
0;96,80
0;100,80
0;104,80
0;108,80
0;112,80
0;116,80
0;120,80
0;124,80
0;128,80
0;132,80
0;136,80
0;140,80
0;144,80
0;148,80
0;152,80
0;156,80
0;160,80
0;164,80
0;168,80
0;93,81
0;97,81
1;87,81
0;101,81
0;105,81
0;109,81
0;113,81
0;117,81
0;121,81
0;125,81
0;129,81
0;133,81
0;137,81
0;141,81
0;145,81
0;149,81
0;153,81
0;157,81
0;161,81
0;165,81
0;169,81
0;88,82
0;90,82
0;94,82
0;98,82
0;102,82
0;106,82
0;110,82
0;114,82
0;118,82
0;122,82
0;126,82
0;130,82
0;134,82
0;138,82
0;142,82
0;146,82
0;150,82
0;154,82
0;158,82
0;162,82
0;166,82
0;170,82
0;91,83
0;95,83
0;99,83
0;103,83
0;107,83
0;111,83
0;115,83
0;119,83
0;123,83
0;127,83
0;131,83
0;135,83
0;139,83
0;143,83
0;147,83
0;151,83
0;155,83
0;159,83
0;163,83
0;167,83
0;171,83
0;89,84
0;92,84
0;96,84
0;100,84
0;104,84
0;108,84
0;112,84
0;116,84
0;120,84
0;124,84
0;128,84
0;132,84
0;136,84
0;140,84
0;144,84
0;148,84
0;152,84
0;156,84
0;160,84
0;164,84
0;168,84
0;172,84
0;93,85
0;97,85
1;87,85
0;101,85
0;105,85
0;109,85
0;113,85
0;117,85
0;121,85
0;125,85
0;129,85
0;133,85
0;137,85
0;141,85
0;145,85
0;149,85
0;153,85
0;157,85
0;161,85
0;165,85
0;169,85
0;173,85
0;88,86
0;90,86
0;94,86
0;98,86
0;102,86
0;106,86
0;110,86
0;114,86
0;118,86
0;122,86
0;126,86
0;130,86
0;134,86
0;138,86
0;142,86
0;146,86
0;150,86
0;154,86
0;158,86
0;162,86
0;166,86
0;170,86
0;174,86
0;91,87
0;95,87
0;99,87
0;103,87
0;107,87
0;111,87
0;115,87
0;119,87
0;123,87
0;127,87
0;131,87
0;135,87
0;139,87
0;143,87
0;147,87
0;151,87
0;155,87
0;159,87
0;163,87
0;167,87
0;171,87
0;175,87
0;89,88
0;92,88
0;96,88
0;100,88
0;104,88
0;108,88
0;112,88
0;116,88
0;120,88
0;124,88
0;128,88
0;132,88
0;136,88
0;140,88
0;144,88
0;148,88
0;152,88
0;156,88
0;160,88
0;164,88
0;168,88
0;172,88
0;176,88
0;93,89
0;97,89
1;87,89
0;101,89
0;105,89
0;109,89
0;113,89
0;117,89
0;121,89
0;125,89
0;129,89
0;133,89
0;137,89
0;141,89
0;145,89
0;149,89
0;153,89
0;157,89
0;161,89
0;165,89
0;169,89
0;173,89
0;177,89
0;88,90
0;90,90
0;94,90
0;98,90
0;102,90
0;106,90
0;110,90
0;114,90
0;118,90
0;122,90
0;126,90
0;130,90
0;134,90
0;138,90
0;142,90
0;146,90
0;150,90
0;154,90
0;158,90
0;162,90
0;166,90
0;170,90
0;174,90
0;178,90
0;91,91
0;95,91
0;99,91
0;103,91
0;107,91
0;111,91
0;115,91
0;119,91
0;123,91
0;127,91
0;131,91
0;135,91
0;139,91
0;143,91
0;147,91
0;151,91
0;155,91
0;159,91
0;163,91
0;167,91
0;171,91
0;175,91
0;179,91
0;89,92
0;92,92
0;96,92
0;100,92
0;104,92
0;108,92
0;112,92
0;116,92
0;120,92
0;124,92
0;128,92
0;132,92
0;136,92
0;140,92
0;144,92
0;148,92
0;152,92
0;156,92
0;160,92
0;164,92
0;168,92
0;172,92
0;176,92
0;180,92
0;93,93
0;97,93
1;87,93
0;101,93
0;105,93
0;109,93
0;113,93
0;117,93
0;121,93
0;125,93
0;129,93
0;133,93
0;137,93
0;141,93
0;145,93
0;149,93
0;153,93
0;157,93
0;161,93
0;165,93
0;169,93
0;173,93
0;177,93
0;181,93
0;88,94
0;90,94
0;94,94
0;98,94
0;102,94
0;106,94
0;110,94
0;114,94
0;118,94
0;122,94
0;126,94
0;130,94
0;134,94
0;138,94
0;142,94
0;146,94
0;150,94
0;154,94
0;158,94
0;162,94
0;166,94
0;170,94
0;174,94
0;178,94
0;182,94
0;91,95
0;95,95
0;99,95
0;103,95
0;107,95
0;111,95
0;115,95
0;119,95
0;123,95
0;127,95
0;131,95
0;135,95
0;139,95
0;143,95
0;147,95
0;151,95
0;155,95
0;159,95
0;163,95
0;167,95
0;171,95
0;175,95
0;179,95
0;183,95
0;89,96
0;92,96
0;96,96
0;100,96
0;104,96
0;108,96
0;112,96
0;116,96
0;120,96
0;124,96
0;128,96
0;132,96
0;136,96
0;140,96
0;144,96
0;148,96
0;152,96
0;156,96
0;160,96
0;164,96
0;168,96
0;172,96
0;176,96
0;180,96
0;184,96
0;93,97
0;97,97
1;87,97
0;101,97
0;105,97
0;109,97
0;113,97
0;117,97
0;121,97
0;125,97
0;129,97
0;133,97
0;137,97
0;141,97
0;145,97
0;149,97
0;153,97
0;157,97
0;161,97
0;165,97
0;169,97
0;173,97
0;177,97
0;181,97
0;185,97
0;88,98
0;90,98
0;94,98
0;98,98
0;102,98
0;106,98
0;110,98
0;114,98
0;118,98
0;122,98
0;126,98
0;130,98
0;134,98
0;138,98
0;142,98
0;146,98
0;150,98
0;154,98
0;158,98
0;162,98
0;166,98
0;170,98
0;174,98
0;178,98
0;182,98
0;186,98
0;91,99
0;95,99
0;99,99
0;103,99
0;107,99
0;111,99
0;115,99
0;119,99
0;123,99
0;127,99
0;131,99
0;135,99
0;139,99
0;143,99
0;147,99
0;151,99
0;155,99
0;159,99
0;163,99
0;167,99
0;171,99
0;175,99
0;179,99
0;183,99
0;187,99
0;89,100
0;92,100
0;96,100
0;100,100
0;104,100
0;108,100
0;112,100
0;116,100
0;120,100
0;124,100
0;128,100
0;132,100
0;136,100
0;140,100
0;144,100
0;148,100
0;152,100
0;156,100
0;160,100
0;164,100
0;168,100
0;172,100
0;176,100
0;180,100
0;184,100
0;188,100
0;93,101
0;97,101
1;87,101
0;101,101
0;105,101
0;109,101
0;113,101
0;117,101
0;121,101
0;125,101
0;129,101
0;133,101
0;137,101
0;141,101
0;145,101
0;149,101
0;153,101
0;157,101
0;161,101
0;165,101
0;169,101
0;173,101
0;177,101
0;181,101
0;185,101
0;189,101
0;88,102
0;90,102
0;94,102
0;98,102
0;102,102
0;106,102
0;110,102
0;114,102
0;118,102
0;122,102
0;126,102
0;130,102
0;134,102
0;138,102
0;142,102
0;146,102
0;150,102
0;154,102
0;158,102
0;162,102
0;166,102
0;170,102
0;174,102
0;178,102
0;182,102
0;186,102
0;190,102
0;91,103
0;95,103
0;99,103
0;103,103
0;107,103
0;111,103
0;115,103
0;119,103
0;123,103
0;127,103
0;131,103
0;135,103
0;139,103
0;143,103
0;147,103
0;151,103
0;155,103
0;159,103
0;163,103
0;167,103
0;171,103
0;175,103
0;179,103
0;183,103
0;187,103
0;191,103
0;89,104
0;92,104
0;96,104
0;100,104
0;104,104
0;108,104
0;112,104
0;116,104
0;120,104
0;124,104
0;128,104
0;132,104
0;136,104
0;140,104
0;144,104
0;148,104
0;152,104
0;156,104
0;160,104
0;164,104
0;168,104
0;172,104
0;176,104
0;180,104
0;184,104
0;188,104
0;192,104
0;93,105
0;97,105
1;87,105
0;101,105
0;105,105
0;109,105
0;113,105
0;117,105
0;121,105
0;125,105
0;129,105
0;133,105
0;137,105
0;141,105
0;145,105
0;149,105
0;153,105
0;157,105
0;161,105
0;165,105
0;169,105
0;173,105
0;177,105
0;181,105
0;185,105
0;189,105
0;193,105
0;88,106
0;90,106
0;94,106
0;98,106
0;102,106
0;106,106
0;110,106
0;114,106
0;118,106
0;122,106
0;126,106
0;130,106
0;134,106
0;138,106
0;142,106
0;146,106
0;150,106
0;154,106
0;158,106
0;162,106
0;166,106
0;170,106
0;174,106
0;178,106
0;182,106
0;186,106
0;190,106
0;194,106
0;91,107
0;95,107
0;99,107
0;103,107
0;107,107
0;111,107
0;115,107
0;119,107
0;123,107
0;127,107
0;131,107
0;135,107
0;139,107
0;143,107
0;147,107
0;151,107
0;155,107
0;159,107
0;163,107
0;167,107
0;171,107
0;175,107
0;179,107
0;183,107
0;187,107
0;191,107
0;195,107
0;89,108
0;92,108
0;96,108
0;100,108
0;104,108
0;108,108
0;112,108
0;116,108
0;120,108
0;124,108
0;128,108
0;132,108
0;136,108
0;140,108
0;144,108
0;148,108
0;152,108
0;156,108
0;160,108
0;164,108
0;168,108
0;172,108
0;176,108
0;180,108
0;184,108
0;188,108
0;192,108
0;196,108
0;93,109
0;97,109
1;87,109
0;101,109
0;105,109
0;109,109
0;113,109
0;117,109
0;121,109
0;125,109
0;129,109
0;133,109
0;137,109
0;141,109
0;145,109
0;149,109
0;153,109
0;157,109
0;161,109
0;165,109
0;169,109
0;173,109
0;177,109
0;181,109
0;185,109
0;189,109
0;193,109
0;197,109
0;88,110
0;90,110
0;94,110
0;98,110
0;102,110
0;106,110
0;110,110
0;114,110
0;118,110
0;122,110
0;126,110
0;130,110
0;134,110
0;138,110
0;142,110
0;146,110
0;150,110
0;154,110
0;158,110
0;162,110
0;166,110
0;170,110
0;174,110
0;178,110
0;182,110
0;186,110
0;190,110
0;194,110
0;198,110
0;91,111
0;95,111
0;99,111
0;103,111
0;107,111
0;111,111
0;115,111
0;119,111
0;123,111
0;127,111
0;131,111
0;135,111
0;139,111
0;143,111
0;147,111
0;151,111
0;155,111
0;159,111
0;163,111
0;167,111
0;171,111
0;175,111
0;179,111
0;183,111
0;187,111
0;191,111
0;195,111
0;199,111
0;89,112
0;92,112
0;96,112
0;100,112
0;104,112
0;108,112
0;112,112
0;116,112
0;120,112
0;124,112
0;128,112
0;132,112
0;136,112
0;140,112
0;144,112
0;148,112
0;152,112
0;156,112
0;160,112
0;164,112
0;168,112
0;172,112
0;176,112
0;180,112
0;184,112
0;188,112
0;192,112
0;196,112
0;200,112
0;93,113
0;97,113
1;87,113
0;101,113
0;105,113
0;109,113
0;113,113
0;117,113
0;121,113
0;125,113
0;129,113
0;133,113
0;137,113
0;141,113
0;145,113
0;149,113
0;153,113
0;157,113
0;161,113
0;165,113
0;169,113
0;173,113
0;177,113
0;181,113
0;185,113
0;189,113
0;193,113
0;197,113
0;201,113
0;88,114
0;90,114
0;94,114
0;98,114
0;102,114
0;106,114
0;110,114
0;114,114
0;118,114
0;122,114
0;126,114
0;130,114
0;134,114
0;138,114
0;142,114
0;146,114
0;150,114
0;154,114
0;158,114
0;162,114
0;166,114
0;170,114
0;174,114
0;178,114
0;182,114
0;186,114
0;190,114
0;194,114
0;198,114
0;202,114
0;91,115
0;95,115
0;99,115
0;103,115
0;107,115
0;111,115
0;115,115
0;119,115
0;123,115
0;127,115
0;131,115
0;135,115
0;139,115
0;143,115
0;147,115
0;151,115
0;155,115
0;159,115
0;163,115
0;167,115
0;171,115
0;175,115
0;179,115
0;183,115
0;187,115
0;191,115
0;195,115
0;199,115
0;203,115
0;89,116
0;92,116
0;96,116
0;100,116
0;104,116
0;108,116
0;112,116
0;116,116
0;120,116
0;124,116
0;128,116
0;132,116
0;136,116
0;140,116
0;144,116
0;148,116
0;152,116
0;156,116
0;160,116
0;164,116
0;168,116
0;172,116
0;176,116
0;180,116
0;184,116
0;188,116
0;192,116
0;196,116
0;200,116
0;204,116
0;93,117
0;97,117
1;87,117
0;101,117
0;105,117
0;109,117
0;113,117
0;117,117
0;121,117
0;125,117
0;129,117
0;133,117
0;137,117
0;141,117
0;145,117
0;149,117
0;153,117
0;157,117
0;161,117
0;165,117
0;169,117
0;173,117
0;177,117
0;181,117
0;185,117
0;189,117
0;193,117
0;197,117
0;201,117
0;205,117
0;88,118
0;90,118
0;94,118
0;98,118
0;102,118
0;106,118
0;110,118
0;114,118
0;118,118
0;122,118
0;126,118
0;130,118
0;134,118
0;138,118
0;142,118
0;146,118
0;150,118
0;154,118
0;158,118
0;162,118
0;166,118
0;170,118
0;174,118
0;178,118
0;182,118
0;186,118
0;190,118
0;194,118
0;198,118
0;202,118
0;206,118
0;91,119
0;95,119
0;99,119
0;103,119
0;107,119
0;111,119
0;115,119
0;119,119
0;123,119
0;127,119
0;131,119
0;135,119
0;139,119
0;143,119
0;147,119
0;151,119
0;155,119
0;159,119
0;163,119
0;167,119
0;171,119
0;175,119
0;179,119
0;183,119
0;187,119
0;191,119
0;195,119
0;199,119
0;203,119
0;207,119
0;89,120
0;92,120
0;96,120
0;100,120
0;104,120
0;108,120
0;112,120
0;116,120
0;120,120
0;124,120
0;128,120
0;132,120
0;136,120
0;140,120
0;144,120
0;148,120
0;152,120
0;156,120
0;160,120
0;164,120
0;168,120
0;172,120
0;176,120
0;180,120
0;184,120
0;188,120
0;192,120
0;196,120
0;200,120
0;204,120
0;208,120
0;93,121
0;97,121
1;87,121
0;101,121
0;105,121
0;109,121
0;113,121
0;117,121
0;121,121
0;125,121
0;129,121
0;133,121
0;137,121
0;141,121
0;145,121
0;149,121
0;153,121
0;157,121
0;161,121
0;165,121
0;169,121
0;173,121
0;177,121
0;181,121
0;185,121
0;189,121
0;193,121
0;197,121
0;201,121
0;205,121
0;209,121
0;88,122
0;90,122
0;94,122
0;98,122
0;102,122
0;106,122
0;110,122
0;114,122
0;118,122
0;122,122
0;126,122
0;130,122
0;134,122
0;138,122
0;142,122
0;146,122
0;150,122
0;154,122
0;158,122
0;162,122
0;166,122
0;170,122
0;174,122
0;178,122
0;182,122
0;186,122
0;190,122
0;194,122
0;198,122
0;202,122
0;206,122
0;210,122
0;91,123
0;95,123
0;99,123
0;103,123
0;107,123
0;111,123
0;115,123
0;119,123
0;123,123
0;127,123
0;131,123
0;135,123
0;139,123
0;143,123
0;147,123
0;151,123
0;155,123
0;159,123
0;163,123
0;167,123
0;171,123
0;175,123
0;179,123
0;183,123
0;187,123
0;191,123
0;195,123
0;199,123
0;203,123
0;207,123
0;211,123
0;89,124
0;92,124
0;96,124
0;100,124
0;104,124
0;108,124
0;112,124
0;116,124
0;120,124
0;124,124
0;128,124
0;132,124
0;136,124
0;140,124
0;144,124
0;148,124
0;152,124
0;156,124
0;160,124
0;164,124
0;168,124
0;172,124
0;176,124
0;180,124
0;184,124
0;188,124
0;192,124
0;196,124
0;200,124
0;204,124
0;208,124
0;212,124
0;93,125
0;97,125
1;87,125
0;101,125
0;105,125
0;109,125
0;113,125
0;117,125
0;121,125
0;125,125
0;129,125
0;133,125
0;137,125
0;141,125
0;145,125
0;149,125
0;153,125
0;157,125
0;161,125
0;165,125
0;169,125
0;173,125
0;177,125
0;181,125
0;185,125
0;189,125
0;193,125
0;197,125
0;201,125
0;205,125
0;209,125
0;213,125
0;88,126
0;90,126
0;94,126
0;98,126
0;102,126
0;106,126
0;110,126
0;114,126
0;118,126
0;122,126
0;126,126
0;130,126
0;134,126
0;138,126
0;142,126
0;146,126
0;150,126
0;154,126
0;158,126
0;162,126
0;166,126
0;170,126
0;174,126
0;178,126
0;182,126
0;186,126
0;190,126
0;194,126
0;198,126
0;202,126
0;206,126
0;210,126
0;214,126
0;91,127
0;95,127
0;99,127
0;103,127
0;107,127
0;111,127
0;115,127
0;119,127
0;123,127
0;127,127
0;131,127
0;135,127
0;139,127
0;143,127
0;147,127
0;151,127
0;155,127
0;159,127
0;163,127
0;167,127
0;171,127
0;175,127
0;179,127
0;183,127
0;187,127
0;191,127
0;195,127
0;199,127
0;203,127
0;207,127
0;211,127
0;215,127
0;89,128
0;92,128
0;96,128
0;100,128
0;104,128
0;108,128
0;112,128
0;116,128
0;120,128
0;124,128
0;128,128
0;132,128
0;136,128
0;140,128
0;144,128
0;148,128
0;152,128
0;156,128
0;160,128
0;164,128
0;168,128
0;172,128
0;176,128
0;180,128
0;184,128
0;188,128
0;192,128
0;196,128
0;200,128
0;204,128
0;208,128
0;212,128
0;216,128
0;93,129
0;97,129
1;87,129
0;101,129
0;105,129
0;109,129
0;113,129
0;117,129
0;121,129
0;125,129
0;129,129
0;133,129
0;137,129
0;141,129
0;145,129
0;149,129
0;153,129
0;157,129
0;161,129
0;165,129
0;169,129
0;173,129
0;177,129
0;181,129
0;185,129
0;189,129
0;193,129
0;197,129
0;201,129
0;205,129
0;209,129
0;213,129
0;217,129
0;88,130
0;90,130
0;94,130
0;98,130
0;102,130
0;106,130
0;110,130
0;114,130
0;118,130
0;122,130
0;126,130
0;130,130
0;134,130
0;138,130
0;142,130
0;146,130
0;150,130
0;154,130
0;158,130
0;162,130
0;166,130
0;170,130
0;174,130
0;178,130
0;182,130
0;186,130
0;190,130
0;194,130
0;198,130
0;202,130
0;206,130
0;210,130
0;214,130
0;218,130
0;91,131
0;95,131
0;99,131
0;103,131
0;107,131
0;111,131
0;115,131
0;119,131
0;123,131
0;127,131
0;131,131
0;135,131
0;139,131
0;143,131
0;147,131
0;151,131
0;155,131
0;159,131
0;163,131
0;167,131
0;171,131
0;175,131
0;179,131
0;183,131
0;187,131
0;191,131
0;195,131
0;199,131
0;203,131
0;207,131
0;211,131
0;215,131
0;219,131
0;89,132
0;92,132
0;96,132
0;100,132
0;104,132
0;108,132
0;112,132
0;116,132
0;120,132
0;124,132
0;128,132
0;132,132
0;136,132
0;140,132
0;144,132
0;148,132
0;152,132
0;156,132
0;160,132
0;164,132
0;168,132
0;172,132
0;176,132
0;180,132
0;184,132
0;188,132
0;192,132
0;196,132
0;200,132
0;204,132
0;208,132
0;212,132
0;216,132
0;220,132
0;93,133
0;97,133
1;87,133
0;101,133
0;105,133
0;109,133
0;113,133
0;117,133
0;121,133
0;125,133
0;129,133
0;133,133
0;137,133
0;141,133
0;145,133
0;149,133
0;153,133
0;157,133
0;161,133
0;165,133
0;169,133
0;173,133
0;177,133
0;181,133
0;185,133
0;189,133
0;193,133
0;197,133
0;201,133
0;205,133
0;209,133
0;213,133
0;217,133
0;221,133
0;88,134
0;90,134
0;94,134
0;98,134
0;102,134
0;106,134
0;110,134
0;114,134
0;118,134
0;122,134
0;126,134
0;130,134
0;134,134
0;138,134
0;142,134
0;146,134
0;150,134
0;154,134
0;158,134
0;162,134
0;166,134
0;170,134
0;174,134
0;178,134
0;182,134
0;186,134
0;190,134
0;194,134
0;198,134
0;202,134
0;206,134
0;210,134
0;214,134
0;218,134
0;222,134
0;91,135
0;95,135
0;99,135
0;103,135
0;107,135
0;111,135
0;115,135
0;119,135
0;123,135
0;127,135
0;131,135
0;135,135
0;139,135
0;143,135
0;147,135
0;151,135
0;155,135
0;159,135
0;163,135
0;167,135
0;171,135
0;175,135
0;179,135
0;183,135
0;187,135
0;191,135
0;195,135
0;199,135
0;203,135
0;207,135
0;211,135
0;215,135
0;219,135
0;223,135
0;89,136
0;92,136
0;96,136
0;100,136
0;104,136
0;108,136
0;112,136
0;116,136
0;120,136
0;124,136
0;128,136
0;132,136
0;136,136
0;140,136
0;144,136
0;148,136
0;152,136
0;156,136
0;160,136
0;164,136
0;168,136
0;172,136
0;176,136
0;180,136
0;184,136
0;188,136
0;192,136
0;196,136
0;200,136
0;204,136
0;208,136
0;212,136
0;216,136
0;220,136
0;224,136
0;93,137
0;97,137
1;87,137
0;101,137
0;105,137
0;109,137
0;113,137
0;117,137
0;121,137
0;125,137
0;129,137
0;133,137
0;137,137
0;141,137
0;145,137
0;149,137
0;153,137
0;157,137
0;161,137
0;165,137
0;169,137
0;173,137
0;177,137
0;181,137
0;185,137
0;189,137
0;193,137
0;197,137
0;201,137
0;205,137
0;209,137
0;213,137
0;217,137
0;221,137
0;225,137
0;88,138
0;90,138
0;94,138
0;98,138
0;102,138
0;106,138
0;110,138
0;114,138
0;118,138
0;122,138
0;126,138
0;130,138
0;134,138
0;138,138
0;142,138
0;146,138
0;150,138
0;154,138
0;158,138
0;162,138
0;166,138
0;170,138
0;174,138
0;178,138
0;182,138
0;186,138
0;190,138
0;194,138
0;198,138
0;202,138
0;206,138
0;210,138
0;214,138
0;218,138
0;222,138
0;226,138
0;91,139
0;95,139
0;99,139
0;103,139
0;107,139
0;111,139
0;115,139
0;119,139
0;123,139
0;127,139
0;131,139
0;135,139
0;139,139
0;143,139
0;147,139
0;151,139
0;155,139
0;159,139
0;163,139
0;167,139
0;171,139
0;175,139
0;179,139
0;183,139
0;187,139
0;191,139
0;195,139
0;199,139
0;203,139
0;207,139
0;211,139
0;215,139
0;219,139
0;223,139
0;227,139
0;89,140
0;92,140
0;96,140
0;100,140
0;104,140
0;108,140
0;112,140
0;116,140
0;120,140
0;124,140
0;128,140
0;132,140
0;136,140
0;140,140
0;144,140
0;148,140
0;152,140
0;156,140
0;160,140
0;164,140
0;168,140
0;172,140
0;176,140
0;180,140
0;184,140
0;188,140
0;192,140
0;196,140
0;200,140
0;204,140
0;208,140
0;212,140
0;216,140
0;220,140
0;224,140
0;228,140
0;93,141
0;97,141
1;87,141
0;101,141
0;105,141
0;109,141
0;113,141
0;117,141
0;121,141
0;125,141
0;129,141
0;133,141
0;137,141
0;141,141
0;145,141
0;149,141
0;153,141
0;157,141
0;161,141
0;165,141
0;169,141
0;173,141
0;177,141
0;181,141
0;185,141
0;189,141
0;193,141
0;197,141
0;201,141
0;205,141
0;209,141
0;213,141
0;217,141
0;221,141
0;225,141
0;229,141
0;88,142
0;90,142
0;94,142
0;98,142
0;102,142
0;106,142
0;110,142
0;114,142
0;118,142
0;122,142
0;126,142
0;130,142
0;134,142
0;138,142
0;142,142
0;146,142
0;150,142
0;154,142
0;158,142
0;162,142
0;166,142
0;170,142
0;174,142
0;178,142
0;182,142
0;186,142
0;190,142
0;194,142
0;198,142
0;202,142
0;206,142
0;210,142
0;214,142
0;218,142
0;222,142
0;226,142
0;230,142
0;91,143
0;95,143
0;99,143
0;103,143
0;107,143
0;111,143
0;115,143
0;119,143
0;123,143
0;127,143
0;131,143
0;135,143
0;139,143
0;143,143
0;147,143
0;151,143
0;155,143
0;159,143
0;163,143
0;167,143
0;171,143
0;175,143
0;179,143
0;183,143
0;187,143
0;191,143
0;195,143
0;199,143
0;203,143
0;207,143
0;211,143
0;215,143
0;219,143
0;223,143
0;227,143
0;231,143
0;89,144
0;92,144
0;96,144
0;100,144
0;104,144
0;108,144
0;112,144
0;116,144
0;120,144
0;124,144
0;128,144
0;132,144
0;136,144
0;140,144
0;144,144
0;148,144
0;152,144
0;156,144
0;160,144
0;164,144
0;168,144
0;172,144
0;176,144
0;180,144
0;184,144
0;188,144
0;192,144
0;196,144
0;200,144
0;204,144
0;208,144
0;212,144
0;216,144
0;220,144
0;224,144
0;228,144
0;232,144
0;93,145
0;97,145
1;87,145
0;101,145
0;105,145
0;109,145
0;113,145
0;117,145
0;121,145
0;125,145
0;129,145
0;133,145
0;137,145
0;141,145
0;145,145
0;149,145
0;153,145
0;157,145
0;161,145
0;165,145
0;169,145
0;173,145
0;177,145
0;181,145
0;185,145
0;189,145
0;193,145
0;197,145
0;201,145
0;205,145
0;209,145
0;213,145
0;217,145
0;221,145
0;225,145
0;229,145
0;233,145
0;88,146
0;90,146
0;94,146
0;98,146
0;102,146
0;106,146
0;110,146
0;114,146
0;118,146
0;122,146
0;126,146
0;130,146
0;134,146
0;138,146
0;142,146
0;146,146
0;150,146
0;154,146
0;158,146
0;162,146
0;166,146
0;170,146
0;174,146
0;178,146
0;182,146
0;186,146
0;190,146
0;194,146
0;198,146
0;202,146
0;206,146
0;210,146
0;214,146
0;218,146
0;222,146
0;226,146
0;230,146
0;234,146
0;91,147
0;95,147
0;99,147
0;103,147
0;107,147
0;111,147
0;115,147
0;119,147
0;123,147
0;127,147
0;131,147
0;135,147
0;139,147
0;143,147
0;147,147
0;151,147
0;155,147
0;159,147
0;163,147
0;167,147
0;171,147
0;175,147
0;179,147
0;183,147
0;187,147
0;191,147
0;195,147
0;199,147
0;203,147
0;207,147
0;211,147
0;215,147
0;219,147
0;223,147
0;227,147
0;231,147
0;235,147
0;89,148
0;92,148
0;96,148
0;100,148
0;104,148
0;108,148
0;112,148
0;116,148
0;120,148
0;124,148
0;128,148
0;132,148
0;136,148
0;140,148
0;144,148
0;148,148
0;152,148
0;156,148
0;160,148
0;164,148
0;168,148
0;172,148
0;176,148
0;180,148
0;184,148
0;188,148
0;192,148
0;196,148
0;200,148
0;204,148
0;208,148
0;212,148
0;216,148
0;220,148
0;224,148
0;228,148
0;232,148
0;236,148
0;93,149
0;97,149
1;87,149
0;101,149
0;105,149
0;109,149
0;113,149
0;117,149
0;121,149
0;125,149
0;129,149
0;133,149
0;137,149
0;141,149
0;145,149
0;149,149
0;153,149
0;157,149
0;161,149
0;165,149
0;169,149
0;173,149
0;177,149
0;181,149
0;185,149
0;189,149
0;193,149
0;197,149
0;201,149
0;205,149
0;209,149
0;213,149
0;217,149
0;221,149
0;225,149
0;229,149
0;233,149
0;237,149
0;88,150
0;90,150
0;94,150
0;98,150
0;102,150
0;106,150
0;110,150
0;114,150
0;118,150
0;122,150
0;126,150
0;130,150
0;134,150
0;138,150
0;142,150
0;146,150
0;150,150
0;154,150
0;158,150
0;162,150
0;166,150
0;170,150
0;174,150
0;178,150
0;182,150
0;186,150
0;190,150
0;194,150
0;198,150
0;202,150
0;206,150
0;210,150
0;214,150
0;218,150
0;222,150
0;226,150
0;230,150
0;234,150
0;238,150
0;91,151
0;95,151
0;99,151
0;103,151
0;107,151
0;111,151
0;115,151
0;119,151
0;123,151
0;127,151
0;131,151
0;135,151
0;139,151
0;143,151
0;147,151
0;151,151
0;155,151
0;159,151
0;163,151
0;167,151
0;171,151
0;175,151
0;179,151
0;183,151
0;187,151
0;191,151
0;195,151
0;199,151
0;203,151
0;207,151
0;211,151
0;215,151
0;219,151
0;223,151
0;227,151
0;231,151
0;235,151
0;239,151
0;89,152
0;92,152
0;96,152
0;100,152
0;104,152
0;108,152
0;112,152
0;116,152
0;120,152
0;124,152
0;128,152
0;132,152
0;136,152
0;140,152
0;144,152
0;148,152
0;152,152
0;156,152
0;160,152
0;164,152
0;168,152
0;172,152
0;176,152
0;180,152
0;184,152
0;188,152
0;192,152
0;196,152
0;200,152
0;204,152
0;208,152
0;212,152
0;216,152
0;220,152
0;224,152
0;228,152
0;232,152
0;236,152
0;240,152
0;93,153
0;97,153
1;87,153
0;101,153
0;105,153
0;109,153
0;113,153
0;117,153
0;121,153
0;125,153
0;129,153
0;133,153
0;137,153
0;141,153
0;145,153
0;149,153
0;153,153
0;157,153
0;161,153
0;165,153
0;169,153
0;173,153
0;177,153
0;181,153
0;185,153
0;189,153
0;193,153
0;197,153
0;201,153
0;205,153
0;209,153
0;213,153
0;217,153
0;221,153
0;225,153
0;229,153
0;233,153
0;237,153
0;241,153
0;88,154
0;90,154
0;94,154
0;98,154
0;102,154
0;106,154
0;110,154
0;114,154
0;118,154
0;122,154
0;126,154
0;130,154
0;134,154
0;138,154
0;142,154
0;146,154
0;150,154
0;154,154
0;158,154
0;162,154
0;166,154
0;170,154
0;174,154
0;178,154
0;182,154
0;186,154
0;190,154
0;194,154
0;198,154
0;202,154
0;206,154
0;210,154
0;214,154
0;218,154
0;222,154
0;226,154
0;230,154
0;234,154
0;238,154
0;242,154
0;91,155
0;95,155
0;99,155
0;103,155
0;107,155
0;111,155
0;115,155
0;119,155
0;123,155
0;127,155
0;131,155
0;135,155
0;139,155
0;143,155
0;147,155
0;151,155
0;155,155
0;159,155
0;163,155
0;167,155
0;171,155
0;175,155
0;179,155
0;183,155
0;187,155
0;191,155
0;195,155
0;199,155
0;203,155
0;207,155
0;211,155
0;215,155
0;219,155
0;223,155
0;227,155
0;231,155
0;235,155
0;239,155
0;243,155
0;89,156
0;92,156
0;96,156
0;100,156
0;104,156
0;108,156
0;112,156
0;116,156
0;120,156
0;124,156
0;128,156
0;132,156
0;136,156
0;140,156
0;144,156
0;148,156
0;152,156
0;156,156
0;160,156
0;164,156
0;168,156
0;172,156
0;176,156
0;180,156
0;184,156
0;188,156
0;192,156
0;196,156
0;200,156
0;204,156
0;208,156
0;212,156
0;216,156
0;220,156
0;224,156
0;228,156
0;232,156
0;236,156
0;240,156
0;244,156
0;93,157
0;97,157
1;87,157
0;101,157
0;105,157
0;109,157
0;113,157
0;117,157
0;121,157
0;125,157
0;129,157
0;133,157
0;137,157
0;141,157
0;145,157
0;149,157
0;153,157
0;157,157
0;161,157
0;165,157
0;169,157
0;173,157
0;177,157
0;181,157
0;185,157
0;189,157
0;193,157
0;197,157
0;201,157
0;205,157
0;209,157
0;213,157
0;217,157
0;221,157
0;225,157
0;229,157
0;233,157
0;237,157
0;241,157
0;245,157
0;88,158
0;90,158
0;94,158
0;98,158
0;102,158
0;106,158
0;110,158
0;114,158
0;118,158
0;122,158
0;126,158
0;130,158
0;134,158
0;138,158
0;142,158
0;146,158
0;150,158
0;154,158
0;158,158
0;162,158
0;166,158
0;170,158
0;174,158
0;178,158
0;182,158
0;186,158
0;190,158
0;194,158
0;198,158
0;202,158
0;206,158
0;210,158
0;214,158
0;218,158
0;222,158
0;226,158
0;230,158
0;234,158
0;238,158
0;242,158
0;246,158
0;91,159
0;95,159
0;99,159
0;103,159
0;107,159
0;111,159
0;115,159
0;119,159
0;123,159
0;127,159
0;131,159
0;135,159
0;139,159
0;143,159
0;147,159
0;151,159
0;155,159
0;159,159
0;163,159
0;167,159
0;171,159
0;175,159
0;179,159
0;183,159
0;187,159
0;191,159
0;195,159
0;199,159
0;203,159
0;207,159
0;211,159
0;215,159
0;219,159
0;223,159
0;227,159
0;231,159
0;235,159
0;239,159
0;243,159
0;247,159
0;89,160
0;92,160
0;96,160
0;100,160
0;104,160
0;108,160
0;112,160
0;116,160
0;120,160
0;124,160
0;128,160
0;132,160
0;136,160
0;140,160
0;144,160
0;148,160
0;152,160
0;156,160
0;160,160
0;164,160
0;168,160
0;172,160
0;176,160
0;180,160
0;184,160
0;188,160
0;192,160
0;196,160
0;200,160
0;204,160
0;208,160
0;212,160
0;216,160
0;220,160
0;224,160
0;228,160
0;232,160
0;236,160
0;240,160
0;244,160
0;248,160
0;93,161
0;97,161
1;87,161
0;101,161
0;105,161
0;109,161
0;113,161
0;117,161
0;121,161
0;125,161
0;129,161
0;133,161
0;137,161
0;141,161
0;145,161
0;149,161
0;153,161
0;157,161
0;161,161
0;165,161
0;169,161
0;173,161
0;177,161
0;181,161
0;185,161
0;189,161
0;193,161
0;197,161
0;201,161
0;205,161
0;209,161
0;213,161
0;217,161
0;221,161
0;225,161
0;229,161
0;233,161
0;237,161
0;241,161
0;245,161
0;249,161
0;88,162
0;90,162
0;94,162
0;98,162
0;102,162
0;106,162
0;110,162
0;114,162
0;118,162
0;122,162
0;126,162
0;130,162
0;134,162
0;138,162
0;142,162
0;146,162
0;150,162
0;154,162
0;158,162
0;162,162
0;166,162
0;170,162
0;174,162
0;178,162
0;182,162
0;186,162
0;190,162
0;194,162
0;198,162
0;202,162
0;206,162
0;210,162
0;214,162
0;218,162
0;222,162
0;226,162
0;230,162
0;234,162
0;238,162
0;242,162
0;246,162
0;250,162
0;91,163
0;95,163
0;99,163
0;103,163
0;107,163
0;111,163
0;115,163
0;119,163
0;123,163
0;127,163
0;131,163
0;135,163
0;139,163
0;143,163
0;147,163
0;151,163
0;155,163
0;159,163
0;163,163
0;167,163
0;171,163
0;175,163
0;179,163
0;183,163
0;187,163
0;191,163
0;195,163
0;199,163
0;203,163
0;207,163
0;211,163
0;215,163
0;219,163
0;223,163
0;227,163
0;231,163
0;235,163
0;239,163
0;243,163
0;247,163
0;251,163
0;89,164
0;92,164
0;96,164
0;100,164
0;104,164
0;108,164
0;112,164
0;116,164
0;120,164
0;124,164
0;128,164
0;132,164
0;136,164
0;140,164
0;144,164
0;148,164
0;152,164
0;156,164
0;160,164
0;164,164
0;168,164
0;172,164
0;176,164
0;180,164
0;184,164
0;188,164
0;192,164
0;196,164
0;200,164
0;204,164
0;208,164
0;212,164
0;216,164
0;220,164
0;224,164
0;228,164
0;232,164
0;236,164
0;240,164
0;244,164
0;248,164
0;252,164
0;93,165
0;97,165
1;87,165
0;101,165
0;105,165
0;109,165
0;113,165
0;117,165
0;121,165
0;125,165
0;129,165
0;133,165
0;137,165
0;141,165
0;145,165
0;149,165
0;153,165
0;157,165
0;161,165
0;165,165
0;169,165
0;173,165
0;177,165
0;181,165
0;185,165
0;189,165
0;193,165
0;197,165
0;201,165
0;205,165
0;209,165
0;213,165
0;217,165
0;221,165
0;225,165
0;229,165
0;233,165
0;237,165
0;241,165
0;245,165
0;249,165
0;253,165
0;88,166
0;90,166
0;94,166
0;98,166
0;102,166
0;106,166
0;110,166
0;114,166
0;118,166
0;122,166
0;126,166
0;130,166
0;134,166
0;138,166
0;142,166
0;146,166
0;150,166
0;154,166
0;158,166
0;162,166
0;166,166
0;170,166
0;174,166
0;178,166
0;182,166
0;186,166
0;190,166
0;194,166
0;198,166
0;202,166
0;206,166
0;210,166
0;214,166
0;218,166
0;222,166
0;226,166
0;230,166
0;234,166
0;238,166
0;242,166
0;246,166
0;250,166
0;254,166
0;91,167
0;95,167
0;99,167
0;103,167
0;107,167
0;111,167
0;115,167
0;119,167
0;123,167
0;127,167
0;131,167
0;135,167
0;139,167
0;143,167
0;147,167
0;151,167
0;155,167
0;159,167
0;163,167
0;167,167
0;171,167
0;175,167
0;179,167
0;183,167
0;187,167
0;191,167
0;195,167
0;199,167
0;203,167
0;207,167
0;211,167
0;215,167
0;219,167
0;223,167
0;227,167
0;231,167
0;235,167
0;239,167
0;243,167
0;247,167
0;251,167
0;255,167
0;89,168
0;92,168
0;96,168
0;100,168
0;104,168
0;108,168
0;112,168
0;116,168
0;120,168
0;124,168
0;128,168
0;132,168
0;136,168
0;140,168
0;144,168
0;148,168
0;152,168
0;156,168
0;160,168
0;164,168
0;168,168
0;172,168
0;176,168
0;180,168
0;184,168
0;188,168
0;192,168
0;196,168
0;200,168
0;204,168
0;208,168
0;212,168
0;216,168
0;220,168
0;224,168
0;228,168
0;232,168
0;236,168
0;240,168
0;244,168
0;248,168
0;252,168
0;256,168
0;93,169
0;97,169
1;87,169
0;101,169
0;105,169
0;109,169
0;113,169
0;117,169
0;121,169
0;125,169
0;129,169
0;133,169
0;137,169
0;141,169
0;145,169
0;149,169
0;153,169
0;157,169
0;161,169
0;165,169
0;169,169
0;173,169
0;177,169
0;181,169
0;185,169
0;189,169
0;193,169
0;197,169
0;201,169
0;205,169
0;209,169
0;213,169
0;217,169
0;221,169
0;225,169
0;229,169
0;233,169
0;237,169
0;241,169
0;245,169
0;249,169
0;253,169
0;257,169
0;88,170
0;90,170
0;94,170
0;98,170
0;102,170
0;106,170
0;110,170
0;114,170
0;118,170
0;122,170
0;126,170
0;130,170
0;134,170
0;138,170
0;142,170
0;146,170
0;150,170
0;154,170
0;158,170
0;162,170
0;166,170
0;170,170
0;174,170
0;178,170
0;182,170
0;186,170
0;190,170
0;194,170
0;198,170
0;202,170
0;206,170
0;210,170
0;214,170
0;218,170
0;222,170
0;226,170
0;230,170
0;234,170
0;238,170
0;242,170
0;246,170
0;250,170
0;254,170
0;258,170
0;91,171
0;95,171
0;99,171
0;103,171
0;107,171
0;111,171
0;115,171
0;119,171
0;123,171
0;127,171
0;131,171
0;135,171
0;139,171
0;143,171
0;147,171
0;151,171
0;155,171
0;159,171
0;163,171
0;167,171
0;171,171
0;175,171
0;179,171
0;183,171
0;187,171
0;191,171
0;195,171
0;199,171
0;203,171
0;207,171
0;211,171
0;215,171
0;219,171
0;223,171
0;227,171
0;231,171
0;235,171
0;239,171
0;243,171
0;247,171
0;251,171
0;255,171
0;259,171
0;89,172
0;92,172
0;96,172
0;100,172
0;104,172
0;108,172
0;112,172
0;116,172
0;120,172
0;124,172
0;128,172
0;132,172
0;136,172
0;140,172
0;144,172
0;148,172
0;152,172
0;156,172
0;160,172
0;164,172
0;168,172
0;172,172
0;176,172
0;180,172
0;184,172
0;188,172
0;192,172
0;196,172
0;200,172
0;204,172
0;208,172
0;212,172
0;216,172
0;220,172
0;224,172
0;228,172
0;232,172
0;236,172
0;240,172
0;244,172
0;248,172
0;252,172
0;256,172
0;260,172
0;93,173
0;97,173
1;87,173
0;101,173
0;105,173
0;109,173
0;113,173
0;117,173
0;121,173
0;125,173
0;129,173
0;133,173
0;137,173
0;141,173
0;145,173
0;149,173
0;153,173
0;157,173
0;161,173
0;165,173
0;169,173
0;173,173
0;177,173
0;181,173
0;185,173
0;189,173
0;193,173
0;197,173
0;201,173
0;205,173
0;209,173
0;213,173
0;217,173
0;221,173
0;225,173
0;229,173
0;233,173
0;237,173
0;241,173
0;245,173
0;249,173
0;253,173
0;257,173
0;261,173
0;88,174
0;90,174
0;94,174
0;98,174
0;102,174
0;106,174
0;110,174
0;114,174
0;118,174
0;122,174
0;126,174
0;130,174
0;134,174
0;138,174
0;142,174
0;146,174
0;150,174
0;154,174
0;158,174
0;162,174
0;166,174
0;170,174
0;174,174
0;178,174
0;182,174
0;186,174
0;190,174
0;194,174
0;198,174
0;202,174
0;206,174
0;210,174
0;214,174
0;218,174
0;222,174
0;226,174
0;230,174
0;234,174
0;238,174
0;242,174
0;246,174
0;250,174
0;254,174
0;258,174
0;262,174
0;91,175
0;95,175
0;99,175
0;103,175
0;107,175
0;111,175
0;115,175
0;119,175
0;123,175
0;127,175
0;131,175
0;135,175
0;139,175
0;143,175
0;147,175
0;151,175
0;155,175
0;159,175
0;163,175
0;167,175
0;171,175
0;175,175
0;179,175
0;183,175
0;187,175
0;191,175
0;195,175
0;199,175
0;203,175
0;207,175
0;211,175
0;215,175
0;219,175
0;223,175
0;227,175
0;231,175
0;235,175
0;239,175
0;243,175
0;247,175
0;251,175
0;255,175
0;259,175
0;263,175
0;89,176
0;92,176
0;96,176
0;100,176
0;104,176
0;108,176
0;112,176
0;116,176
0;120,176
0;124,176
0;128,176
0;132,176
0;136,176
0;140,176
0;144,176
0;148,176
0;152,176
0;156,176
0;160,176
0;164,176
0;168,176
0;172,176
0;176,176
0;180,176
0;184,176
0;188,176
0;192,176
0;196,176
0;200,176
0;204,176
0;208,176
0;212,176
0;216,176
0;220,176
0;224,176
0;228,176
0;232,176
0;236,176
0;240,176
0;244,176
0;248,176
0;252,176
0;256,176
0;260,176
0;264,176
0;90,177
0;93,177
0;97,177
0;101,177
0;105,177
0;109,177
0;113,177
0;117,177
0;121,177
0;125,177
0;129,177
0;133,177
0;137,177
0;141,177
0;145,177
0;149,177
0;153,177
0;157,177
0;161,177
0;165,177
0;169,177
0;173,177
0;177,177
0;181,177
0;185,177
0;189,177
0;193,177
0;197,177
0;201,177
0;205,177
0;209,177
0;213,177
0;217,177
0;221,177
0;225,177
0;229,177
0;233,177
0;237,177
0;241,177
0;245,177
0;249,177
0;253,177
0;257,177
0;261,177
0;265,177
0;91,178
0;94,178
0;98,178
0;102,178
0;106,178
0;110,178
0;114,178
0;118,178
0;122,178
0;126,178
0;130,178
0;134,178
0;138,178
0;142,178
0;146,178
0;150,178
0;154,178
0;158,178
0;162,178
0;166,178
0;170,178
0;174,178
0;178,178
0;182,178
0;186,178
0;190,178
0;194,178
0;198,178
0;202,178
0;206,178
0;210,178
0;214,178
0;218,178
0;222,178
0;226,178
0;230,178
0;234,178
0;238,178
0;242,178
0;246,178
0;250,178
0;254,178
0;258,178
0;262,178
0;266,178
0;92,179
0;95,179
0;99,179
0;103,179
0;107,179
0;111,179
0;115,179
0;119,179
0;123,179
0;127,179
0;131,179
0;135,179
0;139,179
0;143,179
0;147,179
0;151,179
0;155,179
0;159,179
0;163,179
0;167,179
0;171,179
0;175,179
0;179,179
0;183,179
0;187,179
0;191,179
0;195,179
0;199,179
0;203,179
0;207,179
0;211,179
0;215,179
0;219,179
0;223,179
0;227,179
0;231,179
0;235,179
0;239,179
0;243,179
0;247,179
0;251,179
0;255,179
0;259,179
0;263,179
0;267,179
0;93,180
0;96,180
0;100,180
0;104,180
0;108,180
0;112,180
0;116,180
0;120,180
0;124,180
0;128,180
0;132,180
0;136,180
0;140,180
0;144,180
0;148,180
0;152,180
0;156,180
0;160,180
0;164,180
0;168,180
0;172,180
0;176,180
0;180,180
0;184,180
0;188,180
0;192,180
0;196,180
0;200,180
0;204,180
0;208,180
0;212,180
0;216,180
0;220,180
0;224,180
0;228,180
0;232,180
0;236,180
0;240,180
0;244,180
0;248,180
0;252,180
0;256,180
0;260,180
0;264,180
0;268,180
0;94,181
0;97,181
0;101,181
0;105,181
0;109,181
0;113,181
0;117,181
0;121,181
0;125,181
0;129,181
0;133,181
0;137,181
0;141,181
0;145,181
0;149,181
0;153,181
0;157,181
0;161,181
0;165,181
0;169,181
0;173,181
0;177,181
0;181,181
0;185,181
0;189,181
0;193,181
0;197,181
0;201,181
0;205,181
0;209,181
0;213,181
0;217,181
0;221,181
0;225,181
0;229,181
0;233,181
0;237,181
0;241,181
0;245,181
0;249,181
0;253,181
0;257,181
0;261,181
0;265,181
0;269,181
0;95,182
0;98,182
0;102,182
0;106,182
0;110,182
0;114,182
0;118,182
0;122,182
0;126,182
0;130,182
0;134,182
0;138,182
0;142,182
0;146,182
0;150,182
0;154,182
0;158,182
0;162,182
0;166,182
0;170,182
0;174,182
0;178,182
0;182,182
0;186,182
0;190,182
0;194,182
0;198,182
0;202,182
0;206,182
0;210,182
0;214,182
0;218,182
0;222,182
0;226,182
0;230,182
0;234,182
0;238,182
0;242,182
0;246,182
0;250,182
0;254,182
0;258,182
0;262,182
0;266,182
0;270,182
0;96,183
0;99,183
0;103,183
0;107,183
0;111,183
0;115,183
0;119,183
0;123,183
0;127,183
0;131,183
0;135,183
0;139,183
0;143,183
0;147,183
0;151,183
0;155,183
0;159,183
0;163,183
0;167,183
0;171,183
0;175,183
0;179,183
0;183,183
0;187,183
0;191,183
0;195,183
0;199,183
0;203,183
0;207,183
0;211,183
0;215,183
0;219,183
0;223,183
0;227,183
0;231,183
0;235,183
0;239,183
0;243,183
0;247,183
0;251,183
0;255,183
0;259,183
0;263,183
0;267,183
0;271,183
0;97,184
0;100,184
0;104,184
0;108,184
0;112,184
0;116,184
0;120,184
0;124,184
0;128,184
0;132,184
0;136,184
0;140,184
0;144,184
0;148,184
0;152,184
0;156,184
0;160,184
0;164,184
0;168,184
0;172,184
0;176,184
0;180,184
0;184,184
0;188,184
0;192,184
0;196,184
0;200,184
0;204,184
0;208,184
0;212,184
0;216,184
0;220,184
0;224,184
0;228,184
0;232,184
0;236,184
0;240,184
0;244,184
0;248,184
0;252,184
0;256,184
0;260,184
0;264,184
0;268,184
0;272,184
0;98,185
0;101,185
0;105,185
0;109,185
0;113,185
0;117,185
0;121,185
0;125,185
0;129,185
0;133,185
0;137,185
0;141,185
0;145,185
0;149,185
0;153,185
0;157,185
0;161,185
0;165,185
0;169,185
0;173,185
0;177,185
0;181,185
0;185,185
0;189,185
0;193,185
0;197,185
0;201,185
0;205,185
0;209,185
0;213,185
0;217,185
0;221,185
0;225,185
0;229,185
0;233,185
0;237,185
0;241,185
0;245,185
0;249,185
0;253,185
0;257,185
0;261,185
0;265,185
0;269,185
0;273,185
0;99,186
0;102,186
0;106,186
0;110,186
0;114,186
0;118,186
0;122,186
0;126,186
0;130,186
0;134,186
0;138,186
0;142,186
0;146,186
0;150,186
0;154,186
0;158,186
0;162,186
0;166,186
0;170,186
0;174,186
0;178,186
0;182,186
0;186,186
0;190,186
0;194,186
0;198,186
0;202,186
0;206,186
0;210,186
0;214,186
0;218,186
0;222,186
0;226,186
0;230,186
0;234,186
0;238,186
0;242,186
0;246,186
0;250,186
0;254,186
0;258,186
0;262,186
0;266,186
0;270,186
0;274,186
0;100,187
0;103,187
0;107,187
0;111,187
0;115,187
0;119,187
0;123,187
0;127,187
0;131,187
0;135,187
0;139,187
0;143,187
0;147,187
0;151,187
0;155,187
0;159,187
0;163,187
0;167,187
0;171,187
0;175,187
0;179,187
0;183,187
0;187,187
0;191,187
0;195,187
0;199,187
0;203,187
0;207,187
0;211,187
0;215,187
0;219,187
0;223,187
0;227,187
0;231,187
0;235,187
0;239,187
0;243,187
0;247,187
0;251,187
0;255,187
0;259,187
0;263,187
0;267,187
0;271,187
0;275,187
0;101,188
0;104,188
0;108,188
0;112,188
0;116,188
0;120,188
0;124,188
0;128,188
0;132,188
0;136,188
0;140,188
0;144,188
0;148,188
0;152,188
0;156,188
0;160,188
0;164,188
0;168,188
0;172,188
0;176,188
0;180,188
0;184,188
0;188,188
0;192,188
0;196,188
0;200,188
0;204,188
0;208,188
0;212,188
0;216,188
0;220,188
0;224,188
0;228,188
0;232,188
0;236,188
0;240,188
0;244,188
0;248,188
0;252,188
0;256,188
0;260,188
0;264,188
0;268,188
0;272,188
0;276,188
0;102,189
0;105,189
0;109,189
0;113,189
0;117,189
0;121,189
0;125,189
0;129,189
0;133,189
0;137,189
0;141,189
0;145,189
0;149,189
0;153,189
0;157,189
0;161,189
0;165,189
0;169,189
0;173,189
0;177,189
0;181,189
0;185,189
0;189,189
0;193,189
0;197,189
0;201,189
0;205,189
0;209,189
0;213,189
0;217,189
0;221,189
0;225,189
0;229,189
0;233,189
0;237,189
0;241,189
0;245,189
0;249,189
0;253,189
0;257,189
0;261,189
0;265,189
0;269,189
0;273,189
0;277,189
0;103,190
0;106,190
0;110,190
0;114,190
0;118,190
0;122,190
0;126,190
0;130,190
0;134,190
0;138,190
0;142,190
0;146,190
0;150,190
0;154,190
0;158,190
0;162,190
0;166,190
0;170,190
0;174,190
0;178,190
0;182,190
0;186,190
0;190,190
0;194,190
0;198,190
0;202,190
0;206,190
0;210,190
0;214,190
0;218,190
0;222,190
0;226,190
0;230,190
0;234,190
0;238,190
0;242,190
0;246,190
0;250,190
0;254,190
0;258,190
0;262,190
0;266,190
0;270,190
0;274,190
0;278,190
0;104,191
0;107,191
0;111,191
0;115,191
0;119,191
0;123,191
0;127,191
0;131,191
0;135,191
0;139,191
0;143,191
0;147,191
0;151,191
0;155,191
0;159,191
0;163,191
0;167,191
0;171,191
0;175,191
0;179,191
0;183,191
0;187,191
0;191,191
0;195,191
0;199,191
0;203,191
0;207,191
0;211,191
0;215,191
0;219,191
0;223,191
0;227,191
0;231,191
0;235,191
0;239,191
0;243,191
0;247,191
0;251,191
0;255,191
0;259,191
0;263,191
0;267,191
0;271,191
0;275,191
0;279,191
0;105,192
0;108,192
0;112,192
0;116,192
0;120,192
0;124,192
0;128,192
0;132,192
0;136,192
0;140,192
0;144,192
0;148,192
0;152,192
0;156,192
0;160,192
0;164,192
0;168,192
0;172,192
0;176,192
0;180,192
0;184,192
0;188,192
0;192,192
0;196,192
0;200,192
0;204,192
0;208,192
0;212,192
0;216,192
0;220,192
0;224,192
0;228,192
0;232,192
0;236,192
0;240,192
0;244,192
0;248,192
0;252,192
0;256,192
0;260,192
0;264,192
0;268,192
0;272,192
0;276,192
0;280,192
0;106,193
0;109,193
0;113,193
0;117,193
0;121,193
0;125,193
0;129,193
0;133,193
0;137,193
0;141,193
0;145,193
0;149,193
0;153,193
0;157,193
0;161,193
0;165,193
0;169,193
0;173,193
0;177,193
0;181,193
0;185,193
0;189,193
0;193,193
0;197,193
0;201,193
0;205,193
0;209,193
0;213,193
0;217,193
0;221,193
0;225,193
0;229,193
0;233,193
0;237,193
0;241,193
0;245,193
0;249,193
0;253,193
0;257,193
0;261,193
0;265,193
0;269,193
0;273,193
0;277,193
0;281,193
0;107,194
0;110,194
0;114,194
0;118,194
0;122,194
0;126,194
0;130,194
0;134,194
0;138,194
0;142,194
0;146,194
0;150,194
0;154,194
0;158,194
0;162,194
0;166,194
0;170,194
0;174,194
0;178,194
0;182,194
0;186,194
0;190,194
0;194,194
0;198,194
0;202,194
0;206,194
0;210,194
0;214,194
0;218,194
0;222,194
0;226,194
0;230,194
0;234,194
0;238,194
0;242,194
0;246,194
0;250,194
0;254,194
0;258,194
0;262,194
0;266,194
0;270,194
0;274,194
0;278,194
0;282,194
0;108,195
0;111,195
0;115,195
0;119,195
0;123,195
0;127,195
0;131,195
0;135,195
0;139,195
0;143,195
0;147,195
0;151,195
0;155,195
0;159,195
0;163,195
0;167,195
0;171,195
0;175,195
0;179,195
0;183,195
0;187,195
0;191,195
0;195,195
0;199,195
0;203,195
0;207,195
0;211,195
0;215,195
0;219,195
0;223,195
0;227,195
0;231,195
0;235,195
0;239,195
0;243,195
0;247,195
0;251,195
0;255,195
0;259,195
0;263,195
0;267,195
0;271,195
0;275,195
0;279,195
0;283,195
0;109,196
0;112,196
0;116,196
0;120,196
0;124,196
0;128,196
0;132,196
0;136,196
0;140,196
0;144,196
0;148,196
0;152,196
0;156,196
0;160,196
0;164,196
0;168,196
0;172,196
0;176,196
0;180,196
0;184,196
0;188,196
0;192,196
0;196,196
0;200,196
0;204,196
0;208,196
0;212,196
0;216,196
0;220,196
0;224,196
0;228,196
0;232,196
0;236,196
0;240,196
0;244,196
0;248,196
0;252,196
0;256,196
0;260,196
0;264,196
0;268,196
0;272,196
0;276,196
0;280,196
0;284,196
0;110,197
0;113,197
0;117,197
0;121,197
0;125,197
0;129,197
0;133,197
0;137,197
0;141,197
0;145,197
0;149,197
0;153,197
0;157,197
0;161,197
0;165,197
0;169,197
0;173,197
0;177,197
0;181,197
0;185,197
0;189,197
0;193,197
0;197,197
0;201,197
0;205,197
0;209,197
0;213,197
0;217,197
0;221,197
0;225,197
0;229,197
0;233,197
0;237,197
0;241,197
0;245,197
0;249,197
0;253,197
0;257,197
0;261,197
0;265,197
0;269,197
0;273,197
0;277,197
0;281,197
0;285,197
0;111,198
0;114,198
0;118,198
0;122,198
0;126,198
0;130,198
0;134,198
0;138,198
0;142,198
0;146,198
0;150,198
0;154,198
0;158,198
0;162,198
0;166,198
0;170,198
0;174,198
0;178,198
0;182,198
0;186,198
0;190,198
0;194,198
0;198,198
0;202,198
0;206,198
0;210,198
0;214,198
0;218,198
0;222,198
0;226,198
0;230,198
0;234,198
0;238,198
0;242,198
0;246,198
0;250,198
0;254,198
0;258,198
0;262,198
0;266,198
0;270,198
0;274,198
0;278,198
0;282,198
0;286,198
0;112,199
0;115,199
0;119,199
0;123,199
0;127,199
0;131,199
0;135,199
0;139,199
0;143,199
0;147,199
0;151,199
0;155,199
0;159,199
0;163,199
0;167,199
0;171,199
0;175,199
0;179,199
0;183,199
0;187,199
0;191,199
0;195,199
0;199,199
0;203,199
0;207,199
0;211,199
0;215,199
0;219,199
0;223,199
0;227,199
0;231,199
0;235,199
0;239,199
0;243,199
0;247,199
0;251,199
0;255,199
0;259,199
0;263,199
0;267,199
0;271,199
0;275,199
0;279,199
0;283,199
0;287,199
0;113,200
0;116,200
0;120,200
0;124,200
0;128,200
0;132,200
0;136,200
0;140,200
0;144,200
0;148,200
0;152,200
0;156,200
0;160,200
0;164,200
0;168,200
0;172,200
0;176,200
0;180,200
0;184,200
0;188,200
0;192,200
0;196,200
0;200,200
0;204,200
0;208,200
0;212,200
0;216,200
0;220,200
0;224,200
0;228,200
0;232,200
0;236,200
0;240,200
0;244,200
0;248,200
0;252,200
0;256,200
0;260,200
0;264,200
0;268,200
0;272,200
0;276,200
0;280,200
0;284,200
0;288,200
0;114,201
0;117,201
0;121,201
0;125,201
0;129,201
0;133,201
0;137,201
0;141,201
0;145,201
0;149,201
0;153,201
0;157,201
0;161,201
0;165,201
0;169,201
0;173,201
0;177,201
0;181,201
0;185,201
0;189,201
0;193,201
0;197,201
0;201,201
0;205,201
0;209,201
0;213,201
0;217,201
0;221,201
0;225,201
0;229,201
0;233,201
0;237,201
0;241,201
0;245,201
0;249,201
0;253,201
0;257,201
0;261,201
0;265,201
0;269,201
0;273,201
0;277,201
0;281,201
0;285,201
0;289,201
0;115,202
0;118,202
0;122,202
0;126,202
0;130,202
0;134,202
0;138,202
0;142,202
0;146,202
0;150,202
0;154,202
0;158,202
0;162,202
0;166,202
0;170,202
0;174,202
0;178,202
0;182,202
0;186,202
0;190,202
0;194,202
0;198,202
0;202,202
0;206,202
0;210,202
0;214,202
0;218,202
0;222,202
0;226,202
0;230,202
0;234,202
0;238,202
0;242,202
0;246,202
0;250,202
0;254,202
0;258,202
0;262,202
0;266,202
0;270,202
0;274,202
0;278,202
0;282,202
0;286,202
0;290,202
0;116,203
0;119,203
0;123,203
0;127,203
0;131,203
0;135,203
0;139,203
0;143,203
0;147,203
0;151,203
0;155,203
0;159,203
0;163,203
0;167,203
0;171,203
0;175,203
0;179,203
0;183,203
0;187,203
0;191,203
0;195,203
0;199,203
0;203,203
0;207,203
0;211,203
0;215,203
0;219,203
0;223,203
0;227,203
0;231,203
0;235,203
0;239,203
0;243,203
0;247,203
0;251,203
0;255,203
0;259,203
0;263,203
0;267,203
0;271,203
0;275,203
0;279,203
0;283,203
0;287,203
0;117,204
0;120,204
0;124,204
0;128,204
0;132,204
0;136,204
0;140,204
0;144,204
0;148,204
0;152,204
0;156,204
0;160,204
0;164,204
0;168,204
0;172,204
0;176,204
0;180,204
0;184,204
0;188,204
0;192,204
0;196,204
0;200,204
0;204,204
0;208,204
0;212,204
0;216,204
0;220,204
0;224,204
0;228,204
0;232,204
0;236,204
0;240,204
0;244,204
0;248,204
0;252,204
0;256,204
0;260,204
0;264,204
0;268,204
0;272,204
0;276,204
0;280,204
0;284,204
0;288,204
0;118,205
0;121,205
0;125,205
0;129,205
0;133,205
0;137,205
0;141,205
0;145,205
0;149,205
0;153,205
0;157,205
0;161,205
0;165,205
0;169,205
0;173,205
0;177,205
0;181,205
0;185,205
0;189,205
0;193,205
0;197,205
0;201,205
0;205,205
0;209,205
0;213,205
0;217,205
0;221,205
0;225,205
0;229,205
0;233,205
0;237,205
0;241,205
0;245,205
0;249,205
0;253,205
0;257,205
0;261,205
0;265,205
0;269,205
0;273,205
0;277,205
0;281,205
0;285,205
0;289,205
0;119,206
0;122,206
0;126,206
0;130,206
0;134,206
0;138,206
0;142,206
0;146,206
0;150,206
0;154,206
0;158,206
0;162,206
0;166,206
0;170,206
0;174,206
0;178,206
0;182,206
0;186,206
0;190,206
0;194,206
0;198,206
0;202,206
0;206,206
0;210,206
0;214,206
0;218,206
0;222,206
0;226,206
0;230,206
0;234,206
0;238,206
0;242,206
0;246,206
0;250,206
0;254,206
0;258,206
0;262,206
0;266,206
0;270,206
0;274,206
0;278,206
0;282,206
0;286,206
0;290,206
0;120,207
0;123,207
0;127,207
0;131,207
0;135,207
0;139,207
0;143,207
0;147,207
0;151,207
0;155,207
0;159,207
0;163,207
0;167,207
0;171,207
0;175,207
0;179,207
0;183,207
0;187,207
0;191,207
0;195,207
0;199,207
0;203,207
0;207,207
0;211,207
0;215,207
0;219,207
0;223,207
0;227,207
0;231,207
0;235,207
0;239,207
0;243,207
0;247,207
0;251,207
0;255,207
0;259,207
0;263,207
0;267,207
0;271,207
0;275,207
0;279,207
0;283,207
0;287,207
0;121,208
0;124,208
0;128,208
0;132,208
0;136,208
0;140,208
0;144,208
0;148,208
0;152,208
0;156,208
0;160,208
0;164,208
0;168,208
0;172,208
0;176,208
0;180,208
0;184,208
0;188,208
0;192,208
0;196,208
0;200,208
0;204,208
0;208,208
0;212,208
0;216,208
0;220,208
0;224,208
0;228,208
0;232,208
0;236,208
0;240,208
0;244,208
0;248,208
0;252,208
0;256,208
0;260,208
0;264,208
0;268,208
0;272,208
0;276,208
0;280,208
0;284,208
0;288,208
0;122,209
0;125,209
0;129,209
0;133,209
0;137,209
0;141,209
0;145,209
0;149,209
0;153,209
0;157,209
0;161,209
0;165,209
0;169,209
0;173,209
0;177,209
0;181,209
0;185,209
0;189,209
0;193,209
0;197,209
0;201,209
0;205,209
0;209,209
0;213,209
0;217,209
0;221,209
0;225,209
0;229,209
0;233,209
0;237,209
0;241,209
0;245,209
0;249,209
0;253,209
0;257,209
0;261,209
0;265,209
0;269,209
0;273,209
0;277,209
0;281,209
0;285,209
0;289,209
0;123,210
0;126,210
0;130,210
0;134,210
0;138,210
0;142,210
0;146,210
0;150,210
0;154,210
0;158,210
0;162,210
0;166,210
0;170,210
0;174,210
0;178,210
0;182,210
0;186,210
0;190,210
0;194,210
0;198,210
0;202,210
0;206,210
0;210,210
0;214,210
0;218,210
0;222,210
0;226,210
0;230,210
0;234,210
0;238,210
0;242,210
0;246,210
0;250,210
0;254,210
0;258,210
0;262,210
0;266,210
0;270,210
0;274,210
0;278,210
0;282,210
0;286,210
0;290,210
0;124,211
0;127,211
0;131,211
0;135,211
0;139,211
0;143,211
0;147,211
0;151,211
0;155,211
0;159,211
0;163,211
0;167,211
0;171,211
0;175,211
0;179,211
0;183,211
0;187,211
0;191,211
0;195,211
0;199,211
0;203,211
0;207,211
0;211,211
0;215,211
0;219,211
0;223,211
0;227,211
0;231,211
0;235,211
0;239,211
0;243,211
0;247,211
0;251,211
0;255,211
0;259,211
0;263,211
0;267,211
0;271,211
0;275,211
0;279,211
0;283,211
0;287,211
0;125,212
0;128,212
0;132,212
0;136,212
0;140,212
0;144,212
0;148,212
0;152,212
0;156,212
0;160,212
0;164,212
0;168,212
0;172,212
0;176,212
0;180,212
0;184,212
0;188,212
0;192,212
0;196,212
0;200,212
0;204,212
0;208,212
0;212,212
0;216,212
0;220,212
0;224,212
0;228,212
0;232,212
0;236,212
0;240,212
0;244,212
0;248,212
0;252,212
0;256,212
0;260,212
0;264,212
0;268,212
0;272,212
0;276,212
0;280,212
0;284,212
0;288,212
0;126,213
0;129,213
0;133,213
0;137,213
0;141,213
0;145,213
0;149,213
0;153,213
0;157,213
0;161,213
0;165,213
0;169,213
0;173,213
0;177,213
0;181,213
0;185,213
0;189,213
0;193,213
0;197,213
0;201,213
0;205,213
0;209,213
0;213,213
0;217,213
0;221,213
0;225,213
0;229,213
0;233,213
0;237,213
0;241,213
0;245,213
0;249,213
0;253,213
0;257,213
0;261,213
0;265,213
0;269,213
0;273,213
0;277,213
0;281,213
0;285,213
0;289,213
0;127,214
0;130,214
0;134,214
0;138,214
0;142,214
0;146,214
0;150,214
0;154,214
0;158,214
0;162,214
0;166,214
0;170,214
0;174,214
0;178,214
0;182,214
0;186,214
0;190,214
0;194,214
0;198,214
0;202,214
0;206,214
0;210,214
0;214,214
0;218,214
0;222,214
0;226,214
0;230,214
0;234,214
0;238,214
0;242,214
0;246,214
0;250,214
0;254,214
0;258,214
0;262,214
0;266,214
0;270,214
0;274,214
0;278,214
0;282,214
0;286,214
0;290,214
0;128,215
0;131,215
0;135,215
0;139,215
0;143,215
0;147,215
0;151,215
0;155,215
0;159,215
0;163,215
0;167,215
0;171,215
0;175,215
0;179,215
0;183,215
0;187,215
0;191,215
0;195,215
0;199,215
0;203,215
0;207,215
0;211,215
0;215,215
0;219,215
0;223,215
0;227,215
0;231,215
0;235,215
0;239,215
0;243,215
0;247,215
0;251,215
0;255,215
0;259,215
0;263,215
0;267,215
0;271,215
0;275,215
0;279,215
0;283,215
0;287,215
0;129,216
0;132,216
0;136,216
0;140,216
0;144,216
0;148,216
0;152,216
0;156,216
0;160,216
0;164,216
0;168,216
0;172,216
0;176,216
0;180,216
0;184,216
0;188,216
0;192,216
0;196,216
0;200,216
0;204,216
0;208,216
0;212,216
0;216,216
0;220,216
0;224,216
0;228,216
0;232,216
0;236,216
0;240,216
0;244,216
0;248,216
0;252,216
0;256,216
0;260,216
0;264,216
0;268,216
0;272,216
0;276,216
0;280,216
0;284,216
0;288,216
0;130,217
0;133,217
0;137,217
0;141,217
0;145,217
0;149,217
0;153,217
0;157,217
0;161,217
0;165,217
0;169,217
0;173,217
0;177,217
0;181,217
0;185,217
0;189,217
0;193,217
0;197,217
0;201,217
0;205,217
0;209,217
0;213,217
0;217,217
0;221,217
0;225,217
0;229,217
0;233,217
0;237,217
0;241,217
0;245,217
0;249,217
0;253,217
0;257,217
0;261,217
0;265,217
0;269,217
0;273,217
0;277,217
0;281,217
0;285,217
0;289,217
0;131,218
0;134,218
0;138,218
0;142,218
0;146,218
0;150,218
0;154,218
0;158,218
0;162,218
0;166,218
0;170,218
0;174,218
0;178,218
0;182,218
0;186,218
0;190,218
0;194,218
0;198,218
0;202,218
0;206,218
0;210,218
0;214,218
0;218,218
0;222,218
0;226,218
0;230,218
0;234,218
0;238,218
0;242,218
0;246,218
0;250,218
0;254,218
0;258,218
0;262,218
0;266,218
0;270,218
0;274,218
0;278,218
0;282,218
0;286,218
0;290,218
0;132,219
0;135,219
0;139,219
0;143,219
0;147,219
0;151,219
0;155,219
0;159,219
0;163,219
0;167,219
0;171,219
0;175,219
0;179,219
0;183,219
0;187,219
0;191,219
0;195,219
0;199,219
0;203,219
0;207,219
0;211,219
0;215,219
0;219,219
0;223,219
0;227,219
0;231,219
0;235,219
0;239,219
0;243,219
0;247,219
0;251,219
0;255,219
0;259,219
0;263,219
0;267,219
0;271,219
0;275,219
0;279,219
0;283,219
0;287,219
0;133,220
0;136,220
0;140,220
0;144,220
0;148,220
0;152,220
0;156,220
0;160,220
0;164,220
0;168,220
0;172,220
0;176,220
0;180,220
0;184,220
0;188,220
0;192,220
0;196,220
0;200,220
0;204,220
0;208,220
0;212,220
0;216,220
0;220,220
0;224,220
0;228,220
0;232,220
0;236,220
0;240,220
0;244,220
0;248,220
0;252,220
0;256,220
0;260,220
0;264,220
0;268,220
0;272,220
0;276,220
0;280,220
0;284,220
0;288,220
0;89,221
0;134,221
0;137,221
0;141,221
0;145,221
0;149,221
0;153,221
0;157,221
0;161,221
0;165,221
0;169,221
0;173,221
0;177,221
0;181,221
0;185,221
0;189,221
0;193,221
0;197,221
0;201,221
0;205,221
0;209,221
0;213,221
0;217,221
0;221,221
0;225,221
0;229,221
0;233,221
0;237,221
0;241,221
0;245,221
0;249,221
0;253,221
0;257,221
0;261,221
0;265,221
0;269,221
0;273,221
0;277,221
0;281,221
0;285,221
0;289,221
1;87,222
0;135,222
0;138,222
0;142,222
0;146,222
0;150,222
0;154,222
0;158,222
0;162,222
0;166,222
0;170,222
0;174,222
0;178,222
0;182,222
0;186,222
0;190,222
0;194,222
0;198,222
0;202,222
0;206,222
0;210,222
0;214,222
0;218,222
0;222,222
0;226,222
0;230,222
0;234,222
0;238,222
0;242,222
0;246,222
0;250,222
0;254,222
0;258,222
0;262,222
0;266,222
0;270,222
0;274,222
0;278,222
0;282,222
0;286,222
0;290,222
0;88,223
0;90,223
0;136,223
0;139,223
0;143,223
0;147,223
0;151,223
0;155,223
0;159,223
0;163,223
0;167,223
0;171,223
0;175,223
0;179,223
0;183,223
0;187,223
0;191,223
0;195,223
0;199,223
0;203,223
0;207,223
0;211,223
0;215,223
0;219,223
0;223,223
0;227,223
0;231,223
0;235,223
0;239,223
0;243,223
0;247,223
0;251,223
0;255,223
0;259,223
0;263,223
0;267,223
0;271,223
0;275,223
0;279,223
0;283,223
0;287,223
0;91,224
0;137,224
0;140,224
0;144,224
0;148,224
0;152,224
0;156,224
0;160,224
0;164,224
0;168,224
0;172,224
0;176,224
0;180,224
0;184,224
0;188,224
0;192,224
0;196,224
0;200,224
0;204,224
0;208,224
0;212,224
0;216,224
0;220,224
0;224,224
0;228,224
0;232,224
0;236,224
0;240,224
0;244,224
0;248,224
0;252,224
0;256,224
0;260,224
0;264,224
0;268,224
0;272,224
0;276,224
0;280,224
0;284,224
0;288,224
0;89,225
0;92,225
0;138,225
0;141,225
0;145,225
0;149,225
0;153,225
0;157,225
0;161,225
0;165,225
0;169,225
0;173,225
0;177,225
0;181,225
0;185,225
0;189,225
0;193,225
0;197,225
0;201,225
0;205,225
0;209,225
0;213,225
0;217,225
0;221,225
0;225,225
0;229,225
0;233,225
0;237,225
0;241,225
0;245,225
0;249,225
0;253,225
0;257,225
0;261,225
0;265,225
0;269,225
0;273,225
0;277,225
0;281,225
0;285,225
0;289,225
0;93,226
1;87,226
0;139,226
0;142,226
0;146,226
0;150,226
0;154,226
0;158,226
0;162,226
0;166,226
0;170,226
0;174,226
0;178,226
0;182,226
0;186,226
0;190,226
0;194,226
0;198,226
0;202,226
0;206,226
0;210,226
0;214,226
0;218,226
0;222,226
0;226,226
0;230,226
0;234,226
0;238,226
0;242,226
0;246,226
0;250,226
0;254,226
0;258,226
0;262,226
0;266,226
0;270,226
0;274,226
0;278,226
0;282,226
0;286,226
0;290,226
0;88,227
0;90,227
0;94,227
0;140,227
0;143,227
0;147,227
0;151,227
0;155,227
0;159,227
0;163,227
0;167,227
0;171,227
0;175,227
0;179,227
0;183,227
0;187,227
0;191,227
0;195,227
0;199,227
0;203,227
0;207,227
0;211,227
0;215,227
0;219,227
0;223,227
0;227,227
0;231,227
0;235,227
0;239,227
0;243,227
0;247,227
0;251,227
0;255,227
0;259,227
0;263,227
0;267,227
0;271,227
0;275,227
0;279,227
0;283,227
0;287,227
0;91,228
0;95,228
0;141,228
0;144,228
0;148,228
0;152,228
0;156,228
0;160,228
0;164,228
0;168,228
0;172,228
0;176,228
0;180,228
0;184,228
0;188,228
0;192,228
0;196,228
0;200,228
0;204,228
0;208,228
0;212,228
0;216,228
0;220,228
0;224,228
0;228,228
0;232,228
0;236,228
0;240,228
0;244,228
0;248,228
0;252,228
0;256,228
0;260,228
0;264,228
0;268,228
0;272,228
0;276,228
0;280,228
0;284,228
0;288,228
0;89,229
0;92,229
0;96,229
0;142,229
0;145,229
0;149,229
0;153,229
0;157,229
0;161,229
0;165,229
0;169,229
0;173,229
0;177,229
0;181,229
0;185,229
0;189,229
0;193,229
0;197,229
0;201,229
0;205,229
0;209,229
0;213,229
0;217,229
0;221,229
0;225,229
0;229,229
0;233,229
0;237,229
0;241,229
0;245,229
0;249,229
0;253,229
0;257,229
0;261,229
0;265,229
0;269,229
0;273,229
0;277,229
0;281,229
0;285,229
0;289,229
0;93,230
0;97,230
1;87,230
0;143,230
0;146,230
0;150,230
0;154,230
0;158,230
0;162,230
0;166,230
0;170,230
0;174,230
0;178,230
0;182,230
0;186,230
0;190,230
0;194,230
0;198,230
0;202,230
0;206,230
0;210,230
0;214,230
0;218,230
0;222,230
0;226,230
0;230,230
0;234,230
0;238,230
0;242,230
0;246,230
0;250,230
0;254,230
0;258,230
0;262,230
0;266,230
0;270,230
0;274,230
0;278,230
0;282,230
0;286,230
0;290,230
0;88,231
0;90,231
0;94,231
0;98,231
0;144,231
0;147,231
0;151,231
0;155,231
0;159,231
0;163,231
0;167,231
0;171,231
0;175,231
0;179,231
0;183,231
0;187,231
0;191,231
0;195,231
0;199,231
0;203,231
0;207,231
0;211,231
0;215,231
0;219,231
0;223,231
0;227,231
0;231,231
0;235,231
0;239,231
0;243,231
0;247,231
0;251,231
0;255,231
0;259,231
0;263,231
0;267,231
0;271,231
0;275,231
0;279,231
0;283,231
0;287,231
0;91,232
0;95,232
0;99,232
0;145,232
0;148,232
0;152,232
0;156,232
0;160,232
0;164,232
0;168,232
0;172,232
0;176,232
0;180,232
0;184,232
0;188,232
0;192,232
0;196,232
0;200,232
0;204,232
0;208,232
0;212,232
0;216,232
0;220,232
0;224,232
0;228,232
0;232,232
0;236,232
0;240,232
0;244,232
0;248,232
0;252,232
0;256,232
0;260,232
0;264,232
0;268,232
0;272,232
0;276,232
0;280,232
0;284,232
0;288,232
0;89,233
0;92,233
0;96,233
0;100,233
0;146,233
0;149,233
0;153,233
0;157,233
0;161,233
0;165,233
0;169,233
0;173,233
0;177,233
0;181,233
0;185,233
0;189,233
0;193,233
0;197,233
0;201,233
0;205,233
0;209,233
0;213,233
0;217,233
0;221,233
0;225,233
0;229,233
0;233,233
0;237,233
0;241,233
0;245,233
0;249,233
0;253,233
0;257,233
0;261,233
0;265,233
0;269,233
0;273,233
0;277,233
0;281,233
0;285,233
0;289,233
0;93,234
0;97,234
1;87,234
0;101,234
0;147,234
0;150,234
0;154,234
0;158,234
0;162,234
0;166,234
0;170,234
0;174,234
0;178,234
0;182,234
0;186,234
0;190,234
0;194,234
0;198,234
0;202,234
0;206,234
0;210,234
0;214,234
0;218,234
0;222,234
0;226,234
0;230,234
0;234,234
0;238,234
0;242,234
0;246,234
0;250,234
0;254,234
0;258,234
0;262,234
0;266,234
0;270,234
0;274,234
0;278,234
0;282,234
0;286,234
0;290,234
0;88,235
0;90,235
0;94,235
0;98,235
0;102,235
0;148,235
0;151,235
0;155,235
0;159,235
0;163,235
0;167,235
0;171,235
0;175,235
0;179,235
0;183,235
0;187,235
0;191,235
0;195,235
0;199,235
0;203,235
0;207,235
0;211,235
0;215,235
0;219,235
0;223,235
0;227,235
0;231,235
0;235,235
0;239,235
0;243,235
0;247,235
0;251,235
0;255,235
0;259,235
0;263,235
0;267,235
0;271,235
0;275,235
0;279,235
0;283,235
0;287,235
0;91,236
0;95,236
0;99,236
0;103,236
0;149,236
0;152,236
0;156,236
0;160,236
0;164,236
0;168,236
0;172,236
0;176,236
0;180,236
0;184,236
0;188,236
0;192,236
0;196,236
0;200,236
0;204,236
0;208,236
0;212,236
0;216,236
0;220,236
0;224,236
0;228,236
0;232,236
0;236,236
0;240,236
0;244,236
0;248,236
0;252,236
0;256,236
0;260,236
0;264,236
0;268,236
0;272,236
0;276,236
0;280,236
0;284,236
0;288,236
0;89,237
0;92,237
0;96,237
0;100,237
0;104,237
0;150,237
0;153,237
0;157,237
0;161,237
0;165,237
0;169,237
0;173,237
0;177,237
0;181,237
0;185,237
0;189,237
0;193,237
0;197,237
0;201,237
0;205,237
0;209,237
0;213,237
0;217,237
0;221,237
0;225,237
0;229,237
0;233,237
0;237,237
0;241,237
0;245,237
0;249,237
0;253,237
0;257,237
0;261,237
0;265,237
0;269,237
0;273,237
0;277,237
0;281,237
0;285,237
0;289,237
0;93,238
0;97,238
1;87,238
0;101,238
0;105,238
0;151,238
0;154,238
0;158,238
0;162,238
0;166,238
0;170,238
0;174,238
0;178,238
0;182,238
0;186,238
0;190,238
0;194,238
0;198,238
0;202,238
0;206,238
0;210,238
0;214,238
0;218,238
0;222,238
0;226,238
0;230,238
0;234,238
0;238,238
0;242,238
0;246,238
0;250,238
0;254,238
0;258,238
0;262,238
0;266,238
0;270,238
0;274,238
0;278,238
0;282,238
0;286,238
0;290,238
0;88,239
0;90,239
0;94,239
0;98,239
0;102,239
0;106,239
0;152,239
0;155,239
0;159,239
0;163,239
0;167,239
0;171,239
0;175,239
0;179,239
0;183,239
0;187,239
0;191,239
0;195,239
0;199,239
0;203,239
0;207,239
0;211,239
0;215,239
0;219,239
0;223,239
0;227,239
0;231,239
0;235,239
0;239,239
0;243,239
0;247,239
0;251,239
0;255,239
0;259,239
0;263,239
0;267,239
0;271,239
0;275,239
0;279,239
0;283,239
0;287,239
0;91,240
0;95,240
0;99,240
0;103,240
0;107,240
0;153,240
0;156,240
0;160,240
0;164,240
0;168,240
0;172,240
0;176,240
0;180,240
0;184,240
0;188,240
0;192,240
0;196,240
0;200,240
0;204,240
0;208,240
0;212,240
0;216,240
0;220,240
0;224,240
0;228,240
0;232,240
0;236,240
0;240,240
0;244,240
0;248,240
0;252,240
0;256,240
0;260,240
0;264,240
0;268,240
0;272,240
0;276,240
0;280,240
0;284,240
0;288,240
0;89,241
0;92,241
0;96,241
0;100,241
0;104,241
0;108,241
0;154,241
0;157,241
0;161,241
0;165,241
0;169,241
0;173,241
0;177,241
0;181,241
0;185,241
0;189,241
0;193,241
0;197,241
0;201,241
0;205,241
0;209,241
0;213,241
0;217,241
0;221,241
0;225,241
0;229,241
0;233,241
0;237,241
0;241,241
0;245,241
0;249,241
0;253,241
0;257,241
0;261,241
0;265,241
0;269,241
0;273,241
0;277,241
0;281,241
0;285,241
0;289,241
0;93,242
0;97,242
1;87,242
0;101,242
0;105,242
0;109,242
0;155,242
0;158,242
0;162,242
0;166,242
0;170,242
0;174,242
0;178,242
0;182,242
0;186,242
0;190,242
0;194,242
0;198,242
0;202,242
0;206,242
0;210,242
0;214,242
0;218,242
0;222,242
0;226,242
0;230,242
0;234,242
0;238,242
0;242,242
0;246,242
0;250,242
0;254,242
0;258,242
0;262,242
0;266,242
0;270,242
0;274,242
0;278,242
0;282,242
0;286,242
0;290,242
0;88,243
0;90,243
0;94,243
0;98,243
0;102,243
0;106,243
0;110,243
0;156,243
0;159,243
0;163,243
0;167,243
0;171,243
0;175,243
0;179,243
0;183,243
0;187,243
0;191,243
0;195,243
0;199,243
0;203,243
0;207,243
0;211,243
0;215,243
0;219,243
0;223,243
0;227,243
0;231,243
0;235,243
0;239,243
0;243,243
0;247,243
0;251,243
0;255,243
0;259,243
0;263,243
0;267,243
0;271,243
0;275,243
0;279,243
0;283,243
0;287,243
0;91,244
0;95,244
0;99,244
0;103,244
0;107,244
0;111,244
0;157,244
0;160,244
0;164,244
0;168,244
0;172,244
0;176,244
0;180,244
0;184,244
0;188,244
0;192,244
0;196,244
0;200,244
0;204,244
0;208,244
0;212,244
0;216,244
0;220,244
0;224,244
0;228,244
0;232,244
0;236,244
0;240,244
0;244,244
0;248,244
0;252,244
0;256,244
0;260,244
0;264,244
0;268,244
0;272,244
0;276,244
0;280,244
0;284,244
0;288,244
0;89,245
0;92,245
0;96,245
0;100,245
0;104,245
0;108,245
0;112,245
0;158,245
0;161,245
0;165,245
0;169,245
0;173,245
0;177,245
0;181,245
0;185,245
0;189,245
0;193,245
0;197,245
0;201,245
0;205,245
0;209,245
0;213,245
0;217,245
0;221,245
0;225,245
0;229,245
0;233,245
0;237,245
0;241,245
0;245,245
0;249,245
0;253,245
0;257,245
0;261,245
0;265,245
0;269,245
0;273,245
0;277,245
0;281,245
0;285,245
0;289,245
0;93,246
0;97,246
1;87,246
0;101,246
0;105,246
0;109,246
0;113,246
0;159,246
0;162,246
0;166,246
0;170,246
0;174,246
0;178,246
0;182,246
0;186,246
0;190,246
0;194,246
0;198,246
0;202,246
0;206,246
0;210,246
0;214,246
0;218,246
0;222,246
0;226,246
0;230,246
0;234,246
0;238,246
0;242,246
0;246,246
0;250,246
0;254,246
0;258,246
0;262,246
0;266,246
0;270,246
0;274,246
0;278,246
0;282,246
0;286,246
0;290,246
0;88,247
0;90,247
0;94,247
0;98,247
0;102,247
0;106,247
0;110,247
0;114,247
0;160,247
0;163,247
0;167,247
0;171,247
0;175,247
0;179,247
0;183,247
0;187,247
0;191,247
0;195,247
0;199,247
0;203,247
0;207,247
0;211,247
0;215,247
0;219,247
0;223,247
0;227,247
0;231,247
0;235,247
0;239,247
0;243,247
0;247,247
0;251,247
0;255,247
0;259,247
0;263,247
0;267,247
0;271,247
0;275,247
0;279,247
0;283,247
0;287,247
0;91,248
0;95,248
0;99,248
0;103,248
0;107,248
0;111,248
0;115,248
0;161,248
0;164,248
0;168,248
0;172,248
0;176,248
0;180,248
0;184,248
0;188,248
0;192,248
0;196,248
0;200,248
0;204,248
0;208,248
0;212,248
0;216,248
0;220,248
0;224,248
0;228,248
0;232,248
0;236,248
0;240,248
0;244,248
0;248,248
0;252,248
0;256,248
0;260,248
0;264,248
0;268,248
0;272,248
0;276,248
0;280,248
0;284,248
0;288,248
0;89,249
0;92,249
0;96,249
0;100,249
0;104,249
0;108,249
0;112,249
0;116,249
0;162,249
0;165,249
0;169,249
0;173,249
0;177,249
0;181,249
0;185,249
0;189,249
0;193,249
0;197,249
0;201,249
0;205,249
0;209,249
0;213,249
0;217,249
0;221,249
0;225,249
0;229,249
0;233,249
0;237,249
0;241,249
0;245,249
0;249,249
0;253,249
0;257,249
0;261,249
0;265,249
0;269,249
0;273,249
0;277,249
0;281,249
0;285,249
0;289,249
0;93,250
0;97,250
1;87,250
0;101,250
0;105,250
0;109,250
0;113,250
0;117,250
0;163,250
0;166,250
0;170,250
0;174,250
0;178,250
0;182,250
0;186,250
0;190,250
0;194,250
0;198,250
0;202,250
0;206,250
0;210,250
0;214,250
0;218,250
0;222,250
0;226,250
0;230,250
0;234,250
0;238,250
0;242,250
0;246,250
0;250,250
0;254,250
0;258,250
0;262,250
0;266,250
0;270,250
0;274,250
0;278,250
0;282,250
0;286,250
0;290,250
0;88,251
0;90,251
0;94,251
0;98,251
0;102,251
0;106,251
0;110,251
0;114,251
0;118,251
0;164,251
0;167,251
0;171,251
0;175,251
0;179,251
0;183,251
0;187,251
0;191,251
0;195,251
0;199,251
0;203,251
0;207,251
0;211,251
0;215,251
0;219,251
0;223,251
0;227,251
0;231,251
0;235,251
0;239,251
0;243,251
0;247,251
0;251,251
0;255,251
0;259,251
0;263,251
0;267,251
0;271,251
0;275,251
0;279,251
0;283,251
0;287,251
0;91,252
0;95,252
0;99,252
0;103,252
0;107,252
0;111,252
0;115,252
0;119,252
0;165,252
0;168,252
0;172,252
0;176,252
0;180,252
0;184,252
0;188,252
0;192,252
0;196,252
0;200,252
0;204,252
0;208,252
0;212,252
0;216,252
0;220,252
0;224,252
0;228,252
0;232,252
0;236,252
0;240,252
0;244,252
0;248,252
0;252,252
0;256,252
0;260,252
0;264,252
0;268,252
0;272,252
0;276,252
0;280,252
0;284,252
0;288,252
0;89,253
0;92,253
0;96,253
0;100,253
0;104,253
0;108,253
0;112,253
0;116,253
0;120,253
0;166,253
0;169,253
0;173,253
0;177,253
0;181,253
0;185,253
0;189,253
0;193,253
0;197,253
0;201,253
0;205,253
0;209,253
0;213,253
0;217,253
0;221,253
0;225,253
0;229,253
0;233,253
0;237,253
0;241,253
0;245,253
0;249,253
0;253,253
0;257,253
0;261,253
0;265,253
0;269,253
0;273,253
0;277,253
0;281,253
0;285,253
0;289,253
0;93,254
0;97,254
1;87,254
0;101,254
0;105,254
0;109,254
0;113,254
0;117,254
0;121,254
0;167,254
0;170,254
0;174,254
0;178,254
0;182,254
0;186,254
0;190,254
0;194,254
0;198,254
0;202,254
0;206,254
0;210,254
0;214,254
0;218,254
0;222,254
0;226,254
0;230,254
0;234,254
0;238,254
0;242,254
0;246,254
0;250,254
0;254,254
0;258,254
0;262,254
0;266,254
0;270,254
0;274,254
0;278,254
0;282,254
0;286,254
0;290,254
0;88,255
0;90,255
0;94,255
0;98,255
0;102,255
0;106,255
0;110,255
0;114,255
0;118,255
0;122,255
0;168,255
0;171,255
0;175,255
0;179,255
0;183,255
0;187,255
0;191,255
0;195,255
0;199,255
0;203,255
0;207,255
0;211,255
0;215,255
0;219,255
0;223,255
0;227,255
0;231,255
0;235,255
0;239,255
0;243,255
0;247,255
0;251,255
0;255,255
0;259,255
0;263,255
0;267,255
0;271,255
0;275,255
0;279,255
0;283,255
0;287,255
0;91,256
0;95,256
0;99,256
0;103,256
0;107,256
0;111,256
0;115,256
0;119,256
0;123,256
0;169,256
0;172,256
0;176,256
0;180,256
0;184,256
0;188,256
0;192,256
0;196,256
0;200,256
0;204,256
0;208,256
0;212,256
0;216,256
0;220,256
0;224,256
0;228,256
0;232,256
0;236,256
0;240,256
0;244,256
0;248,256
0;252,256
0;256,256
0;260,256
0;264,256
0;268,256
0;272,256
0;276,256
0;280,256
0;284,256
0;288,256
0;89,257
0;92,257
0;96,257
0;100,257
0;104,257
0;108,257
0;112,257
0;116,257
0;120,257
0;124,257
0;170,257
0;173,257
0;177,257
0;181,257
0;185,257
0;189,257
0;193,257
0;197,257
0;201,257
0;205,257
0;209,257
0;213,257
0;217,257
0;221,257
0;225,257
0;229,257
0;233,257
0;237,257
0;241,257
0;245,257
0;249,257
0;253,257
0;257,257
0;261,257
0;265,257
0;269,257
0;273,257
0;277,257
0;281,257
0;285,257
0;289,257
0;93,258
0;97,258
1;87,258
0;101,258
0;105,258
0;109,258
0;113,258
0;117,258
0;121,258
0;125,258
0;171,258
0;174,258
0;178,258
0;182,258
0;186,258
0;190,258
0;194,258
0;198,258
0;202,258
0;206,258
0;210,258
0;214,258
0;218,258
0;222,258
0;226,258
0;230,258
0;234,258
0;238,258
0;242,258
0;246,258
0;250,258
0;254,258
0;258,258
0;262,258
0;266,258
0;270,258
0;274,258
0;278,258
0;282,258
0;286,258
0;290,258
0;88,259
0;90,259
0;94,259
0;98,259
0;102,259
0;106,259
0;110,259
0;114,259
0;118,259
0;122,259
0;126,259
0;172,259
0;175,259
0;179,259
0;183,259
0;187,259
0;191,259
0;195,259
0;199,259
0;203,259
0;207,259
0;211,259
0;215,259
0;219,259
0;223,259
0;227,259
0;231,259
0;235,259
0;239,259
0;243,259
0;247,259
0;251,259
0;255,259
0;259,259
0;263,259
0;267,259
0;271,259
0;275,259
0;279,259
0;283,259
0;287,259
0;91,260
0;95,260
0;99,260
0;103,260
0;107,260
0;111,260
0;115,260
0;119,260
0;123,260
0;127,260
0;173,260
0;176,260
0;180,260
0;184,260
0;188,260
0;192,260
0;196,260
0;200,260
0;204,260
0;208,260
0;212,260
0;216,260
0;220,260
0;224,260
0;228,260
0;232,260
0;236,260
0;240,260
0;244,260
0;248,260
0;252,260
0;256,260
0;260,260
0;264,260
0;268,260
0;272,260
0;276,260
0;280,260
0;284,260
0;288,260
0;89,261
0;92,261
0;96,261
0;100,261
0;104,261
0;108,261
0;112,261
0;116,261
0;120,261
0;124,261
0;128,261
0;174,261
0;177,261
0;181,261
0;185,261
0;189,261
0;193,261
0;197,261
0;201,261
0;205,261
0;209,261
0;213,261
0;217,261
0;221,261
0;225,261
0;229,261
0;233,261
0;237,261
0;241,261
0;245,261
0;249,261
0;253,261
0;257,261
0;261,261
0;265,261
0;269,261
0;273,261
0;277,261
0;281,261
0;285,261
0;289,261
0;90,262
0;93,262
0;97,262
0;101,262
0;105,262
0;109,262
0;113,262
0;117,262
0;121,262
0;125,262
0;129,262
0;175,262
0;178,262
0;182,262
0;186,262
0;190,262
0;194,262
0;198,262
0;202,262
0;206,262
0;210,262
0;214,262
0;218,262
0;222,262
0;226,262
0;230,262
0;234,262
0;238,262
0;242,262
0;246,262
0;250,262
0;254,262
0;258,262
0;262,262
0;266,262
0;270,262
0;274,262
0;278,262
0;282,262
0;286,262
0;290,262
0;91,263
0;94,263
0;98,263
0;102,263
0;106,263
0;110,263
0;114,263
0;118,263
0;122,263
0;126,263
0;130,263
0;176,263
0;179,263
0;183,263
0;187,263
0;191,263
0;195,263
0;199,263
0;203,263
0;207,263
0;211,263
0;215,263
0;219,263
0;223,263
0;227,263
0;231,263
0;235,263
0;239,263
0;243,263
0;247,263
0;251,263
0;255,263
0;259,263
0;263,263
0;267,263
0;271,263
0;275,263
0;279,263
0;283,263
0;287,263
0;92,264
0;95,264
0;99,264
0;103,264
0;107,264
0;111,264
0;115,264
0;119,264
0;123,264
0;127,264
0;131,264
0;177,264
0;180,264
0;184,264
0;188,264
0;192,264
0;196,264
0;200,264
0;204,264
0;208,264
0;212,264
0;216,264
0;220,264
0;224,264
0;228,264
0;232,264
0;236,264
0;240,264
0;244,264
0;248,264
0;252,264
0;256,264
0;260,264
0;264,264
0;268,264
0;272,264
0;276,264
0;280,264
0;284,264
0;288,264
0;93,265
0;96,265
0;100,265
0;104,265
0;108,265
0;112,265
0;116,265
0;120,265
0;124,265
0;128,265
0;132,265
0;178,265
0;181,265
0;185,265
0;189,265
0;193,265
0;197,265
0;201,265
0;205,265
0;209,265
0;213,265
0;217,265
0;221,265
0;225,265
0;229,265
0;233,265
0;237,265
0;241,265
0;245,265
0;249,265
0;253,265
0;257,265
0;261,265
0;265,265
0;269,265
0;273,265
0;277,265
0;281,265
0;285,265
0;289,265
0;94,266
0;97,266
0;101,266
0;105,266
0;109,266
0;113,266
0;117,266
0;121,266
0;125,266
0;129,266
0;133,266
0;179,266
0;182,266
0;186,266
0;190,266
0;194,266
0;198,266
0;202,266
0;206,266
0;210,266
0;214,266
0;218,266
0;222,266
0;226,266
0;230,266
0;234,266
0;238,266
0;242,266
0;246,266
0;250,266
0;254,266
0;258,266
0;262,266
0;266,266
0;270,266
0;274,266
0;278,266
0;282,266
0;286,266
0;290,266
0;95,267
0;98,267
0;102,267
0;106,267
0;110,267
0;114,267
0;118,267
0;122,267
0;126,267
0;130,267
0;134,267
0;180,267
0;183,267
0;187,267
0;191,267
0;195,267
0;199,267
0;203,267
0;207,267
0;211,267
0;215,267
0;219,267
0;223,267
0;227,267
0;231,267
0;235,267
0;239,267
0;243,267
0;247,267
0;251,267
0;255,267
0;259,267
0;263,267
0;267,267
0;271,267
0;275,267
0;279,267
0;283,267
0;287,267
0;96,268
0;99,268
0;103,268
0;107,268
0;111,268
0;115,268
0;119,268
0;123,268
0;127,268
0;131,268
0;135,268
0;181,268
0;184,268
0;188,268
0;192,268
0;196,268
0;200,268
0;204,268
0;208,268
0;212,268
0;216,268
0;220,268
0;224,268
0;228,268
0;232,268
0;236,268
0;240,268
0;244,268
0;248,268
0;252,268
0;256,268
0;260,268
0;264,268
0;268,268
0;272,268
0;276,268
0;280,268
0;284,268
0;288,268
0;97,269
0;100,269
0;104,269
0;108,269
0;112,269
0;116,269
0;120,269
0;124,269
0;128,269
0;132,269
0;136,269
0;182,269
0;185,269
0;189,269
0;193,269
0;197,269
0;201,269
0;205,269
0;209,269
0;213,269
0;217,269
0;221,269
0;225,269
0;229,269
0;233,269
0;237,269
0;241,269
0;245,269
0;249,269
0;253,269
0;257,269
0;261,269
0;265,269
0;269,269
0;273,269
0;277,269
0;281,269
0;285,269
0;289,269
0;98,270
0;101,270
0;105,270
0;109,270
0;113,270
0;117,270
0;121,270
0;125,270
0;129,270
0;133,270
0;137,270
0;183,270
0;186,270
0;190,270
0;194,270
0;198,270
0;202,270
0;206,270
0;210,270
0;214,270
0;218,270
0;222,270
0;226,270
0;230,270
0;234,270
0;238,270
0;242,270
0;246,270
0;250,270
0;254,270
0;258,270
0;262,270
0;266,270
0;270,270
0;274,270
0;278,270
0;282,270
0;286,270
0;290,270
0;99,271
0;102,271
0;106,271
0;110,271
0;114,271
0;118,271
0;122,271
0;126,271
0;130,271
0;134,271
0;138,271
0;184,271
0;187,271
0;191,271
0;195,271
0;199,271
0;203,271
0;207,271
0;211,271
0;215,271
0;219,271
0;223,271
0;227,271
0;231,271
0;235,271
0;239,271
0;243,271
0;247,271
0;251,271
0;255,271
0;259,271
0;263,271
0;267,271
0;271,271
0;275,271
0;279,271
0;283,271
0;287,271
0;100,272
0;103,272
0;107,272
0;111,272
0;115,272
0;119,272
0;123,272
0;127,272
0;131,272
0;135,272
0;139,272
0;185,272
0;188,272
0;192,272
0;196,272
0;200,272
0;204,272
0;208,272
0;212,272
0;216,272
0;220,272
0;224,272
0;228,272
0;232,272
0;236,272
0;240,272
0;244,272
0;248,272
0;252,272
0;256,272
0;260,272
0;264,272
0;268,272
0;272,272
0;276,272
0;280,272
0;284,272
0;288,272
0;101,273
0;104,273
0;108,273
0;112,273
0;116,273
0;120,273
0;124,273
0;128,273
0;132,273
0;136,273
0;140,273
0;186,273
0;189,273
0;193,273
0;197,273
0;201,273
0;205,273
0;209,273
0;213,273
0;217,273
0;221,273
0;225,273
0;229,273
0;233,273
0;237,273
0;241,273
0;245,273
0;249,273
0;253,273
0;257,273
0;261,273
0;265,273
0;269,273
0;273,273
0;277,273
0;281,273
0;285,273
0;289,273
0;102,274
0;105,274
0;109,274
0;113,274
0;117,274
0;121,274
0;125,274
0;129,274
0;133,274
0;137,274
0;141,274
0;187,274
0;190,274
0;194,274
0;198,274
0;202,274
0;206,274
0;210,274
0;214,274
0;218,274
0;222,274
0;226,274
0;230,274
0;234,274
0;238,274
0;242,274
0;246,274
0;250,274
0;254,274
0;258,274
0;262,274
0;266,274
0;270,274
0;274,274
0;278,274
0;282,274
0;286,274
0;290,274
0;103,275
0;106,275
0;110,275
0;114,275
0;118,275
0;122,275
0;126,275
0;130,275
0;134,275
0;138,275
0;142,275
0;188,275
0;191,275
0;195,275
0;199,275
0;203,275
0;207,275
0;211,275
0;215,275
0;219,275
0;223,275
0;227,275
0;231,275
0;235,275
0;239,275
0;243,275
0;247,275
0;251,275
0;255,275
0;259,275
0;263,275
0;267,275
0;271,275
0;275,275
0;279,275
0;283,275
0;287,275
0;104,276
0;107,276
0;111,276
0;115,276
0;119,276
0;123,276
0;127,276
0;131,276
0;135,276
0;139,276
0;143,276
0;189,276
0;192,276
0;196,276
0;200,276
0;204,276
0;208,276
0;212,276
0;216,276
0;220,276
0;224,276
0;228,276
0;232,276
0;236,276
0;240,276
0;244,276
0;248,276
0;252,276
0;256,276
0;260,276
0;264,276
0;268,276
0;272,276
0;276,276
0;280,276
0;284,276
0;288,276
0;105,277
0;108,277
0;112,277
0;116,277
0;120,277
0;124,277
0;128,277
0;132,277
0;136,277
0;140,277
0;144,277
0;190,277
0;193,277
0;197,277
0;201,277
0;205,277
0;209,277
0;213,277
0;217,277
0;221,277
0;225,277
0;229,277
0;233,277
0;237,277
0;241,277
0;245,277
0;249,277
0;253,277
0;257,277
0;261,277
0;265,277
0;269,277
0;273,277
0;277,277
0;281,277
0;285,277
0;289,277
0;106,278
0;109,278
0;113,278
0;117,278
0;121,278
0;125,278
0;129,278
0;133,278
0;137,278
0;141,278
0;145,278
0;191,278
0;194,278
0;198,278
0;202,278
0;206,278
0;210,278
0;214,278
0;218,278
0;222,278
0;226,278
0;230,278
0;234,278
0;238,278
0;242,278
0;246,278
0;250,278
0;254,278
0;258,278
0;262,278
0;266,278
0;270,278
0;274,278
0;278,278
0;282,278
0;286,278
0;290,278
0;107,279
0;110,279
0;114,279
0;118,279
0;122,279
0;126,279
0;130,279
0;134,279
0;138,279
0;142,279
0;146,279
0;192,279
0;195,279
0;199,279
0;203,279
0;207,279
0;211,279
0;215,279
0;219,279
0;223,279
0;227,279
0;231,279
0;235,279
0;239,279
0;243,279
0;247,279
0;251,279
0;255,279
0;259,279
0;263,279
0;267,279
0;271,279
0;275,279
0;279,279
0;283,279
0;287,279
0;108,280
0;111,280
0;115,280
0;119,280
0;123,280
0;127,280
0;131,280
0;135,280
0;139,280
0;143,280
0;147,280
0;193,280
0;196,280
0;200,280
0;204,280
0;208,280
0;212,280
0;216,280
0;220,280
0;224,280
0;228,280
0;232,280
0;236,280
0;240,280
0;244,280
0;248,280
0;252,280
0;256,280
0;260,280
0;264,280
0;268,280
0;272,280
0;276,280
0;280,280
0;284,280
0;288,280
0;109,281
0;112,281
0;116,281
0;120,281
0;124,281
0;128,281
0;132,281
0;136,281
0;140,281
0;144,281
0;148,281
0;194,281
0;197,281
0;201,281
0;205,281
0;209,281
0;213,281
0;217,281
0;221,281
0;225,281
0;229,281
0;233,281
0;237,281
0;241,281
0;245,281
0;249,281
0;253,281
0;257,281
0;261,281
0;265,281
0;269,281
0;273,281
0;277,281
0;281,281
0;285,281
0;289,281
0;110,282
0;113,282
0;117,282
0;121,282
0;125,282
0;129,282
0;133,282
0;137,282
0;141,282
0;145,282
0;149,282
0;195,282
0;198,282
0;202,282
0;206,282
0;210,282
0;214,282
0;218,282
0;222,282
0;226,282
0;230,282
0;234,282
0;238,282
0;242,282
0;246,282
0;250,282
0;254,282
0;258,282
0;262,282
0;266,282
0;270,282
0;274,282
0;278,282
0;282,282
0;286,282
0;290,282
0;111,283
0;114,283
0;118,283
0;122,283
0;126,283
0;130,283
0;134,283
0;138,283
0;142,283
0;146,283
0;150,283
0;196,283
0;199,283
0;203,283
0;207,283
0;211,283
0;215,283
0;219,283
0;223,283
0;227,283
0;231,283
0;235,283
0;239,283
0;243,283
0;247,283
0;251,283
0;255,283
0;259,283
0;263,283
0;267,283
0;271,283
0;275,283
0;279,283
0;283,283
0;287,283
0;112,284
0;115,284
0;119,284
0;123,284
0;127,284
0;131,284
0;135,284
0;139,284
0;143,284
0;147,284
0;151,284
0;197,284
0;200,284
0;204,284
0;208,284
0;212,284
0;216,284
0;220,284
0;224,284
0;228,284
0;232,284
0;236,284
0;240,284
0;244,284
0;248,284
0;252,284
0;256,284
0;260,284
0;264,284
0;268,284
0;272,284
0;276,284
0;280,284
0;284,284
0;288,284
0;113,285
0;116,285
0;120,285
0;124,285
0;128,285
0;132,285
0;136,285
0;140,285
0;144,285
0;148,285
0;152,285
0;198,285
0;201,285
0;205,285
0;209,285
0;213,285
0;217,285
0;221,285
0;225,285
0;229,285
0;233,285
0;237,285
0;241,285
0;245,285
0;249,285
0;253,285
0;257,285
0;261,285
0;265,285
0;269,285
0;273,285
0;277,285
0;281,285
0;285,285
0;289,285
0;114,286
0;117,286
0;121,286
0;125,286
0;129,286
0;133,286
0;137,286
0;141,286
0;145,286
0;149,286
0;153,286
0;199,286
0;202,286
0;206,286
0;210,286
0;214,286
0;218,286
0;222,286
0;226,286
0;230,286
0;234,286
0;238,286
0;242,286
0;246,286
0;250,286
0;254,286
0;258,286
0;262,286
0;266,286
0;270,286
0;274,286
0;278,286
0;282,286
0;286,286
0;290,286
0;115,287
0;118,287
0;122,287
0;126,287
0;130,287
0;134,287
0;138,287
0;142,287
0;146,287
0;150,287
0;154,287
0;200,287
0;203,287
0;207,287
0;211,287
0;215,287
0;219,287
0;223,287
0;227,287
0;231,287
0;235,287
0;239,287
0;243,287
0;247,287
0;251,287
0;255,287
0;259,287
0;263,287
0;267,287
0;271,287
0;275,287
0;279,287
0;283,287
0;287,287
0;116,288
0;119,288
0;123,288
0;127,288
0;131,288
0;135,288
0;139,288
0;143,288
0;147,288
0;151,288
0;155,288
0;201,288
0;204,288
0;208,288
0;212,288
0;216,288
0;220,288
0;224,288
0;228,288
0;232,288
0;236,288
0;240,288
0;244,288
0;248,288
0;252,288
0;256,288
0;260,288
0;264,288
0;268,288
0;272,288
0;276,288
0;280,288
0;284,288
0;288,288
