2984
1;-6,-4
0;23,-5
1;-6,-3
1;-5,-3
1;-3,-3
1;0,-3
1;1,-3
1;3,-3
1;4,-3
1;6,-3
1;7,-3
1;9,-3
1;10,-3
1;12,-3
0;11,-4
1;15,-3
0;14,-4
0;16,-4
1;19,-3
1;22,-3
0;25,-4
0;26,-4
0;28,-4
0;29,-4
1;33,-3
0;32,-4
1;36,-3
0;35,-4
0;37,-4
0;38,-4
0;40,-4
0;41,-4
0;43,-4
0;44,-4
0;46,-4
0;47,-4
0;49,-4
0;50,-4
1;54,-3
0;53,-4
1;57,-3
1;58,-3
1;60,-3
1;61,-3
1;63,-3
0;62,-4
1;66,-3
0;65,-4
1;69,-3
1;70,-3
1;72,-3
1;73,-3
1;75,-3
1;76,-3
1;78,-3
1;79,-3
1;81,-3
1;82,-3
1;84,-3
0;83,-4
1;87,-3
0;86,-4
0;88,-4
0;89,-4
1;93,-3
0;92,-4
1;96,-3
0;95,-4
0;97,-4
0;98,-4
0;100,-4
0;101,-4
0;103,-4
0;104,-4
1;108,-3
0;107,-4
1;111,-3
0;110,-4
1;114,-3
0;113,-4
1;117,-3
0;116,-4
1;120,-3
0;119,-4
1;123,-3
0;122,-4
0;124,-4
0;125,-4
0;127,-4
1;130,-3
0;130,-4
1;133,-3
0;133,-4
1;136,-3
0;136,-4
1;139,-3
0;139,-4
1;142,-3
0;142,-4
1;145,-3
0;145,-4
1;148,-3
1;150,-3
1;151,-3
1;153,-3
1;154,-3
1;156,-3
1;157,-3
1;159,-3
1;160,-3
0;160,-4
1;163,-3
0;163,-4
1;166,-3
0;166,-4
1;169,-3
0;169,-4
1;172,-3
0;172,-4
1;175,-3
0;175,-4
1;178,-3
1;180,-3
1;181,-3
0;181,-4
1;184,-3
0;184,-4
1;187,-3
0;187,-4
0;188,-4
0;190,-4
0;191,-4
0;193,-4
0;194,-4
0;196,-4
0;197,-4
1;201,-3
0;200,-4
1;204,-3
0;203,-4
1;207,-3
1;208,-3
1;210,-3
1;211,-3
1;213,-3
1;2,-2
1;3,-2
1;5,-2
1;6,-2
1;8,-2
1;9,-2
1;11,-2
1;12,-2
1;13,-2
1;15,-2
1;16,-2
1;20,-2
1;21,-2
1;23,-2
1;24,-2
1;25,-2
1;27,-2
1;28,-2
1;30,-2
1;31,-2
1;39,-2
1;40,-2
1;42,-2
1;43,-2
1;45,-2
1;46,-2
1;48,-2
1;49,-2
1;51,-2
1;52,-2
0;56,-3
0;57,-3
0;59,-3
0;60,-3
1;70,-2
1;71,-2
1;73,-2
1;74,-2
1;76,-2
1;77,-2
1;79,-2
1;80,-2
1;82,-2
1;83,-2
1;90,-2
1;91,-2
1;99,-2
1;100,-2
1;102,-2
1;103,-2
1;105,-2
1;106,-2
0;124,-3
0;125,-3
0;127,-3
1;131,-2
1;132,-2
1;134,-2
1;135,-2
1;137,-2
1;138,-2
1;140,-2
1;141,-2
1;143,-2
1;144,-2
1;146,-2
1;147,-2
1;149,-2
1;151,-2
1;152,-2
1;154,-2
1;155,-2
1;157,-2
1;158,-2
0;158,-3
1;161,-2
0;160,-3
1;164,-2
0;163,-3
1;167,-2
0;166,-3
1;170,-2
0;169,-3
1;173,-2
0;172,-3
1;176,-2
0;175,-3
0;177,-3
0;179,-3
0;180,-3
0;181,-3
0;183,-3
0;184,-3
0;186,-3
0;187,-3
0;188,-3
0;190,-3
0;191,-3
0;193,-3
0;194,-3
0;196,-3
0;197,-3
1;208,-2
1;209,-2
1;211,-2
1;212,-2
0;-7,-2
1;-4,-1
0;-4,-2
1;-1,-1
1;1,-1
1;2,-1
1;4,-1
1;5,-1
1;7,-1
1;8,-1
1;10,-1
1;11,-1
0;19,-2
1;22,-1
0;22,-2
0;23,-2
1;26,-1
1;27,-1
1;29,-1
1;30,-1
1;32,-1
1;34,-1
0;33,-2
1;37,-1
0;36,-2
1;39,-1
1;41,-1
1;42,-1
1;44,-1
1;45,-1
1;47,-1
1;48,-1
1;50,-1
1;51,-1
1;53,-1
1;55,-1
0;54,-2
0;56,-2
0;58,-2
0;59,-2
0;61,-2
1;64,-1
0;63,-2
1;67,-1
0;66,-2
1;85,-1
0;84,-2
1;88,-1
0;87,-2
1;90,-1
1;92,-1
1;94,-1
0;93,-2
1;97,-1
0;96,-2
1;99,-1
1;101,-1
1;102,-1
0;102,-2
1;105,-1
0;105,-2
1;109,-1
0;108,-2
1;112,-1
0;111,-2
1;115,-1
0;114,-2
1;118,-1
0;117,-2
1;121,-1
0;120,-2
1;124,-1
0;123,-2
1;132,-1
0;131,-2
1;135,-1
0;134,-2
1;138,-1
0;137,-2
1;141,-1
0;140,-2
1;144,-1
0;143,-2
1;147,-1
0;146,-2
1;160,-1
1;161,-1
0;177,-2
0;178,-2
0;179,-2
0;181,-2
1;185,-1
0;184,-2
1;188,-1
0;187,-2
1;202,-1
0;201,-2
1;205,-1
0;204,-2
0;-1,-1
0;0,-1
1;4,0
1;5,0
1;7,0
1;8,0
1;10,0
1;11,0
1;13,0
1;16,0
0;15,-1
1;19,0
0;19,-1
1;22,0
0;22,-1
0;24,-1
0;25,-1
0;27,-1
0;28,-1
0;30,-1
0;31,-1
1;34,0
0;38,-1
0;39,-1
0;41,-1
0;42,-1
0;44,-1
0;45,-1
0;47,-1
0;48,-1
0;50,-1
0;51,-1
0;57,-1
0;58,-1
0;59,-1
0;61,-1
1;64,0
0;63,-1
1;72,0
1;73,0
1;75,0
1;76,0
1;78,0
1;79,0
1;81,0
1;82,0
1;84,0
1;85,0
1;91,0
0;90,-1
0;94,-1
0;95,-1
0;97,-1
0;99,-1
1;102,0
0;107,-1
1;126,0
1;127,0
1;129,0
1;151,0
1;152,0
1;154,0
1;155,0
1;157,0
1;158,0
1;162,0
0;161,-1
1;164,0
1;166,0
0;165,-1
0;167,-1
1;170,0
1;172,0
0;171,-1
1;175,0
0;174,-1
0;176,-1
0;177,-1
0;181,-1
1;190,0
0;189,-1
0;191,-1
0;192,-1
0;194,-1
0;195,-1
1;199,0
0;198,-1
1;201,0
0;201,-1
0;203,-1
0;204,-1
0;206,-1
0;207,-1
0;208,-1
1;211,0
0;211,-1
1;-1,1
0;0,0
0;1,0
0;2,0
0;4,0
0;5,0
0;7,0
0;8,0
0;10,0
0;11,0
0;13,0
0;14,0
1;18,1
1;19,1
1;20,1
0;20,0
0;21,0
0;24,0
0;25,0
0;26,0
0;28,0
0;29,0
1;33,1
0;32,0
0;35,0
0;36,0
0;40,0
0;41,0
0;43,0
0;44,0
0;46,0
0;47,0
0;49,0
0;50,0
1;54,1
0;54,0
0;57,0
0;58,0
1;61,1
0;61,0
1;64,1
1;65,1
1;71,1
1;72,1
1;86,1
0;85,0
0;86,0
0;88,0
0;89,0
1;96,1
0;95,0
0;97,0
0;99,0
1;102,1
1;104,1
0;103,0
1;107,1
0;106,0
0;107,0
0;108,0
0;109,0
0;111,0
0;112,0
0;114,0
0;115,0
0;117,0
1;120,1
0;120,0
1;123,1
0;123,0
1;126,1
1;127,1
0;126,0
1;129,1
1;132,1
1;151,1
0;159,0
0;161,0
0;162,0
1;166,1
1;167,1
0;166,0
0;168,0
0;170,0
0;171,0
1;174,1
1;175,1
1;176,1
0;175,0
0;177,0
1;186,1
0;185,0
1;189,1
0;188,0
1;193,1
1;194,1
1;196,1
1;197,1
1;202,1
0;207,0
0;209,0
0;210,0
1;-5,2
1;-2,2
1;-1,2
1;0,2
0;0,1
0;1,1
0;2,1
0;4,1
0;5,1
0;7,1
0;8,1
0;10,1
1;13,2
0;13,1
1;16,2
0;16,1
1;19,2
0;19,1
0;21,1
0;22,1
0;23,1
0;26,1
0;27,1
0;29,1
0;30,1
0;31,1
0;36,1
0;37,1
0;39,1
0;41,1
0;42,1
0;44,1
0;45,1
0;47,1
0;48,1
0;50,1
0;51,1
1;54,2
0;54,1
0;55,1
0;56,1
0;58,1
0;59,1
0;61,1
1;65,2
0;65,1
1;68,2
0;68,1
1;71,2
0;70,1
0;71,1
0;72,1
0;74,1
0;75,1
0;77,1
0;78,1
0;80,1
0;81,1
1;85,2
0;84,1
0;87,1
0;88,1
1;93,2
1;94,2
1;95,2
0;95,1
0;96,1
0;97,1
0;99,1
0;100,1
1;103,2
0;103,1
0;108,1
1;120,2
1;121,2
1;123,2
1;124,2
1;126,2
1;127,2
1;129,2
0;150,1
0;159,1
1;167,2
1;168,2
0;170,1
0;171,1
0;172,1
0;174,1
0;175,1
0;177,1
0;179,1
0;180,1
0;181,1
0;182,1
0;183,1
0;185,1
1;188,2
0;188,1
1;192,2
1;199,2
0;198,1
0;200,1
1;204,2
1;205,2
1;207,2
1;208,2
1;209,2
0;208,1
1;212,2
0;211,1
0;-7,2
1;-4,3
0;-4,2
1;-1,3
0;-1,2
0;1,2
0;2,2
0;4,2
0;6,2
0;7,2
0;9,2
0;10,2
0;11,2
0;13,2
0;14,2
1;17,3
1;18,3
0;22,2
0;23,2
0;26,2
0;27,2
0;28,2
0;30,2
1;33,3
0;32,2
1;35,3
0;36,2
0;40,2
0;41,2
0;42,2
0;44,2
0;45,2
0;47,2
0;48,2
0;50,2
0;51,2
1;54,3
0;54,2
0;55,2
1;58,3
1;60,3
1;61,3
1;62,3
0;63,2
0;65,2
0;67,2
0;68,2
1;74,3
0;73,2
0;75,2
0;76,2
0;78,2
0;79,2
0;81,2
1;84,3
0;83,2
0;90,2
0;91,2
0;93,2
1;96,3
1;98,3
1;99,3
1;101,3
1;102,3
1;103,3
1;107,3
1;108,3
0;107,2
1;110,3
1;111,3
1;113,3
1;114,3
1;116,3
1;117,3
1;119,3
1;121,3
0;120,2
1;124,3
1;125,3
1;127,3
1;128,3
0;127,2
0;132,2
1;135,3
1;136,3
1;138,3
1;139,3
1;141,3
1;142,3
1;144,3
1;145,3
1;147,3
1;148,3
0;148,2
0;149,2
1;152,3
1;154,3
0;153,2
1;157,3
0;156,2
1;160,3
0;161,2
0;162,2
0;166,2
0;167,2
1;174,3
1;175,3
0;174,2
0;175,2
0;177,2
0;179,2
0;182,2
0;184,2
1;192,3
0;192,2
0;193,2
1;197,3
0;196,2
0;198,2
0;201,2
0;203,2
0;204,2
0;206,2
0;207,2
0;209,2
1;212,3
0;-1,3
0;0,3
0;2,3
0;3,3
1;8,4
1;9,4
1;11,4
1;12,4
1;17,4
0;16,3
1;20,4
0;19,3
0;21,3
0;23,3
0;24,3
0;25,3
0;26,3
1;34,4
0;34,3
0;36,3
0;39,3
0;40,3
0;53,3
0;54,3
1;58,4
0;57,3
1;63,4
1;64,4
1;68,4
1;69,4
0;68,3
0;69,3
1;72,4
0;72,3
1;75,4
0;82,3
0;83,3
1;86,4
0;89,3
1;93,4
0;92,3
1;96,4
1;97,4
1;99,4
1;100,4
0;100,3
1;103,4
0;107,3
0;108,3
1;121,4
0;120,3
0;121,3
1;132,4
0;131,3
1;135,4
1;136,4
1;161,4
0;161,3
1;164,4
0;163,3
0;164,3
0;165,3
0;166,3
1;169,4
1;171,4
1;172,4
0;172,3
1;175,4
1;176,4
0;176,3
0;177,3
0;178,3
0;185,3
0;186,3
1;190,4
0;189,3
1;197,4
1;198,4
1;200,4
1;201,4
0;205,3
0;206,3
1;1,5
0;1,4
0;2,4
1;6,5
1;7,5
1;13,5
0;12,4
1;15,5
0;14,4
1;19,5
1;20,5
1;22,5
0;23,4
0;24,4
0;26,4
0;27,4
0;29,4
0;30,4
1;33,5
0;37,4
0;39,4
0;41,4
0;42,4
0;44,4
0;45,4
0;47,4
0;48,4
0;50,4
0;51,4
1;55,5
0;54,4
0;55,4
0;56,4
0;65,4
0;66,4
1;69,5
1;70,5
1;72,5
1;73,5
1;75,5
1;76,5
1;77,5
1;79,5
1;80,5
1;82,5
1;83,5
0;83,4
1;86,5
0;86,4
0;89,4
1;92,5
0;91,4
1;95,5
1;96,5
0;95,4
0;96,4
0;107,4
0;111,4
0;112,4
0;114,4
0;115,4
0;117,4
1;120,5
0;120,4
0;124,4
0;125,4
0;127,4
0;128,4
1;131,5
0;130,4
0;131,4
1;137,5
1;138,5
1;139,5
1;141,5
1;142,5
1;144,5
1;145,5
1;147,5
1;148,5
1;156,5
0;156,4
1;159,5
0;158,4
1;163,5
0;162,4
1;166,5
0;165,4
1;169,5
1;170,5
0;170,4
1;173,5
0;172,4
1;176,5
0;175,4
0;177,4
0;179,4
0;182,4
0;184,4
0;185,4
0;186,4
0;188,4
1;191,5
0;190,4
1;193,5
0;193,4
1;197,5
0;196,4
0;198,4
0;203,4
0;204,4
0;205,4
0;206,4
0;211,4
1;-5,6
1;-2,6
0;14,5
1;17,6
0;16,5
1;20,6
0;19,5
0;21,5
0;23,5
0;26,5
0;27,5
0;28,5
0;30,5
0;31,5
0;40,5
0;41,5
0;42,5
0;44,5
0;45,5
0;47,5
0;48,5
0;50,5
0;51,5
1;55,6
1;56,6
1;57,6
0;57,5
0;59,5
1;62,6
0;62,5
1;65,6
0;64,5
0;65,5
0;67,5
0;68,5
0;69,5
1;72,6
0;72,5
1;75,6
0;75,5
1;78,6
1;79,6
1;81,6
1;82,6
1;85,6
1;86,6
0;90,5
0;91,5
1;94,6
0;98,5
0;99,5
0;100,5
1;103,6
0;104,5
0;108,5
0;111,5
0;112,5
0;114,5
0;115,5
0;117,5
1;121,6
1;123,6
0;122,5
0;126,5
1;129,6
0;129,5
1;134,6
1;136,6
1;137,6
1;138,6
1;140,6
1;141,6
1;143,6
1;144,6
1;146,6
1;147,6
1;149,6
1;150,6
1;151,6
0;151,5
1;155,6
0;154,5
0;155,5
0;156,5
0;157,5
0;158,5
0;160,5
1;163,6
1;165,6
1;167,6
0;166,5
0;168,5
1;171,6
0;171,5
0;176,5
0;178,5
0;179,5
0;182,5
0;184,5
1;190,6
0;189,5
1;193,6
0;192,5
0;198,5
1;-5,7
1;-4,7
1;-2,7
1;-1,7
1;0,7
0;-1,6
0;1,6
0;3,6
0;5,6
0;7,6
0;8,6
0;10,6
1;13,7
0;12,6
1;16,7
0;15,6
0;17,6
0;18,6
0;20,6
0;22,6
0;23,6
0;24,6
0;25,6
0;26,6
1;34,7
0;33,6
1;36,7
0;37,6
0;39,6
0;40,6
0;56,6
0;57,6
0;58,6
0;65,6
0;67,6
0;68,6
0;69,6
1;73,7
1;74,7
1;76,7
1;77,7
1;78,7
0;88,6
0;94,6
0;96,6
0;97,6
0;98,6
0;103,6
0;104,6
0;107,6
0;110,6
0;111,6
0;113,6
0;114,6
0;116,6
0;117,6
1;121,7
0;126,6
1;130,7
1;131,7
1;133,7
0;134,6
0;135,6
1;157,7
0;156,6
1;160,7
0;159,6
0;161,6
1;164,7
0;163,6
0;165,6
1;168,7
1;169,7
0;169,6
0;170,6
1;175,7
0;174,6
0;175,6
0;176,6
0;178,6
0;179,6
0;180,6
0;182,6
0;183,6
1;191,7
0;190,6
0;191,6
1;198,7
1;200,7
1;202,7
1;203,7
0;202,6
0;203,6
0;204,6
0;205,6
0;206,6
1;213,7
0;-7,7
1;-4,8
0;-4,7
1;-1,8
1;1,8
0;1,7
1;8,8
1;10,8
1;11,8
1;14,8
0;13,7
1;19,8
0;18,7
0;25,7
0;26,7
0;28,7
0;29,7
0;31,7
1;34,8
1;35,8
0;34,7
0;35,7
0;37,7
0;40,7
0;41,7
0;43,7
0;44,7
0;46,7
0;47,7
0;49,7
0;50,7
1;54,8
0;54,7
0;55,7
0;56,7
0;58,7
0;59,7
1;62,8
0;66,7
0;67,7
0;69,7
0;70,7
1;79,8
1;80,8
1;81,8
1;83,8
1;84,8
1;87,8
0;86,7
1;96,8
0;96,7
0;97,7
1;101,8
0;100,7
1;105,8
0;104,7
0;106,7
0;108,7
0;109,7
1;120,8
0;119,7
1;122,8
1;123,8
1;124,8
0;124,7
1;131,8
0;130,7
1;134,8
0;134,7
0;136,7
0;137,7
0;139,7
0;140,7
0;142,7
0;143,7
0;145,7
0;146,7
1;150,8
0;149,7
0;151,7
0;152,7
0;153,7
1;157,8
0;156,7
0;169,7
0;170,7
0;175,7
0;176,7
0;178,7
0;179,7
0;180,7
0;181,7
0;182,7
0;183,7
0;185,7
0;187,7
0;188,7
1;191,8
0;192,7
1;195,8
0;202,7
0;203,7
0;205,7
0;207,7
0;209,7
0;210,7
1;-5,9
0;-6,8
0;-4,8
0;-3,8
1;1,9
1;2,9
0;3,8
1;6,9
1;7,9
0;6,8
0;7,8
1;11,9
0;10,8
0;14,8
1;17,9
0;17,8
0;18,8
0;19,8
0;21,8
0;22,8
0;25,8
0;26,8
1;34,9
0;36,8
0;37,8
0;39,8
0;41,8
0;43,8
0;44,8
0;46,8
0;47,8
0;49,8
0;50,8
1;55,9
0;54,8
0;56,8
0;57,8
0;59,8
0;60,8
0;65,8
0;66,8
0;68,8
0;70,8
0;71,8
0;72,8
1;76,9
0;75,8
1;79,9
1;80,9
1;81,9
0;80,8
1;84,9
0;83,8
1;87,9
1;88,9
0;90,8
1;93,9
0;93,8
1;96,9
0;95,8
1;98,9
1;100,9
1;101,9
0;101,8
1;104,9
1;106,9
1;107,9
0;108,8
0;111,8
0;112,8
0;114,8
0;115,8
0;117,8
0;118,8
1;121,9
0;121,8
1;124,9
1;125,9
0;124,8
0;126,8
1;133,9
0;132,8
1;135,9
0;135,8
0;136,8
0;137,8
0;139,8
0;140,8
0;141,8
0;143,8
0;144,8
0;146,8
1;149,9
0;148,8
1;152,9
0;151,8
1;154,9
1;156,9
0;155,8
1;159,9
0;159,8
0;160,8
0;161,8
0;163,8
0;164,8
0;166,8
0;167,8
0;168,8
0;169,8
0;170,8
0;171,8
0;173,8
0;174,8
0;176,8
0;178,8
0;179,8
0;182,8
0;184,8
0;190,8
0;192,8
1;197,9
0;196,8
1;200,9
0;200,8
0;201,8
0;203,8
0;205,8
0;206,8
0;208,8
0;209,8
0;211,8
1;-5,10
0;-6,9
0;4,9
0;5,9
1;8,10
0;8,9
1;11,10
0;11,9
1;14,10
0;15,9
1;19,10
0;18,9
0;20,9
0;22,9
0;23,9
0;25,9
0;26,9
1;34,10
0;33,9
0;34,9
0;35,9
1;38,10
0;39,9
0;40,9
0;58,9
1;61,10
0;61,9
1;64,10
0;63,9
0;64,9
1;67,10
1;68,10
0;68,9
0;69,9
0;71,9
0;72,9
1;80,10
0;79,9
1;83,10
0;82,9
1;86,10
0;85,9
1;88,10
0;89,9
1;102,10
0;102,9
1;105,10
0;104,9
0;109,9
0;111,9
0;112,9
0;114,9
0;115,9
0;117,9
0;118,9
1;121,10
1;123,10
1;124,10
0;123,9
0;126,9
0;127,9
1;130,10
0;133,9
0;134,9
0;140,9
0;142,9
0;143,9
0;145,9
0;146,9
0;147,9
0;156,9
0;157,9
0;159,9
0;164,9
0;168,9
0;169,9
0;170,9
0;171,9
0;172,9
0;174,9
0;176,9
0;178,9
0;180,9
0;181,9
0;183,9
1;186,10
0;185,9
1;189,10
0;188,9
1;192,10
1;193,10
1;195,10
1;198,10
1;201,10
0;200,9
0;201,9
0;203,9
0;205,9
0;206,9
0;-5,10
1;-2,11
1;0,11
0;0,10
1;4,11
0;5,10
1;8,11
1;10,11
0;10,10
0;11,10
1;15,11
1;16,11
0;18,10
0;19,10
0;23,10
1;37,11
0;36,10
1;54,11
0;53,10
0;54,10
0;57,10
0;58,10
1;62,11
0;61,10
0;62,10
0;66,10
0;68,10
0;69,10
0;71,10
0;73,10
0;74,10
1;79,11
0;78,10
1;82,11
0;82,10
1;85,11
0;85,10
0;86,10
1;92,11
1;93,11
1;94,11
0;94,10
1;97,11
1;98,11
1;100,11
1;102,11
1;103,11
1;105,11
1;106,11
1;108,11
0;107,10
0;111,10
0;112,10
0;114,10
0;115,10
0;117,10
0;118,10
0;123,10
0;125,10
0;126,10
0;127,10
1;130,11
1;133,11
0;132,10
0;133,10
0;136,10
0;137,10
0;139,10
1;143,11
0;142,10
1;146,11
0;145,10
1;149,11
0;148,10
0;149,10
0;151,10
0;152,10
0;155,10
1;158,11
1;161,11
0;164,10
1;167,11
0;166,10
1;170,11
0;169,10
1;176,11
1;177,11
1;178,11
1;180,11
0;181,10
0;184,10
0;185,10
1;188,11
0;188,10
0;189,10
0;190,10
0;192,10
0;193,10
0;197,10
0;203,10
0;204,10
0;206,10
1;-2,12
0;-2,11
1;1,12
1;3,12
0;2,11
1;6,12
1;7,12
0;6,11
1;14,12
0;14,11
1;17,12
0;17,11
0;19,11
0;23,11
0;28,11
0;29,11
0;31,11
0;32,11
1;35,12
0;34,11
1;38,12
1;40,12
0;39,11
1;42,12
0;54,11
0;55,11
0;57,11
0;58,11
0;60,11
0;61,11
1;64,12
0;64,11
0;67,11
0;68,11
0;72,11
0;73,11
0;74,11
0;79,11
0;80,11
1;83,12
1;85,12
1;88,12
1;89,12
1;91,12
0;90,11
1;94,12
0;94,11
0;95,11
0;97,11
0;99,11
0;101,11
1;104,12
0;104,11
1;108,12
0;107,11
0;109,11
1;112,12
0;111,11
1;115,12
0;114,11
0;116,11
0;117,11
0;119,11
1;122,12
0;121,11
0;125,11
0;126,11
1;129,12
1;149,12
1;150,12
0;152,11
0;154,11
1;160,12
1;161,12
0;160,11
0;161,11
1;164,12
0;164,11
1;167,12
0;167,11
0;169,11
1;174,12
0;173,11
1;177,12
1;178,12
0;178,11
1;184,12
0;184,11
1;187,12
0;187,11
0;188,11
0;189,11
0;190,11
0;192,11
0;193,11
1;200,12
0;200,11
0;204,11
0;205,11
1;-4,13
0;-5,12
0;-4,12
1;-1,13
0;6,12
1;9,13
0;9,12
1;12,13
0;13,12
1;17,13
1;18,13
0;21,12
0;22,12
0;24,12
0;25,12
0;27,12
0;29,12
0;30,12
0;32,12
0;33,12
1;36,13
0;36,12
0;37,12
1;40,13
0;40,12
1;43,13
1;44,13
0;43,12
1;47,13
0;46,12
1;50,13
0;49,12
1;53,13
0;52,12
0;53,12
0;54,12
0;57,12
0;58,12
1;63,13
0;62,12
1;66,13
1;67,13
1;69,13
1;70,13
0;71,12
0;72,12
1;80,13
0;80,12
1;83,13
0;83,12
1;86,13
0;85,12
1;88,13
1;89,13
1;91,13
1;95,13
0;94,12
0;96,12
0;100,12
0;101,12
0;102,12
0;103,12
1;110,13
0;109,12
0;116,12
1;119,13
0;119,12
1;122,13
1;123,13
1;125,13
0;129,12
1;132,13
1;134,13
0;134,12
1;137,13
0;136,12
1;141,13
1;144,13
0;143,12
1;147,13
0;146,12
0;149,12
0;150,12
0;153,12
1;163,13
0;162,12
1;165,13
0;164,12
1;167,13
1;169,13
0;168,12
1;173,13
0;173,12
1;176,13
0;176,12
1;179,13
0;179,12
0;181,12
1;184,13
0;189,12
0;191,12
0;192,12
0;195,12
0;196,12
0;199,12
1;210,13
0;209,12
1;213,13
1;-3,14
0;-4,13
1;-1,14
1;1,14
0;1,13
1;4,14
0;3,13
1;6,14
1;7,14
1;8,14
1;9,14
0;8,13
0;10,13
0;11,13
1;16,14
0;16,13
0;17,13
0;19,13
0;20,13
0;22,13
0;23,13
0;24,13
0;25,13
0;27,13
0;28,13
0;30,13
0;31,13
0;33,13
0;34,13
0;35,13
0;37,13
1;40,14
1;42,14
1;43,14
0;43,13
0;44,13
0;46,13
0;47,13
0;49,13
0;50,13
0;56,13
1;61,14
0;61,13
1;64,14
1;65,14
1;66,14
1;68,14
0;68,13
0;76,13
0;77,13
0;87,13
0;88,13
1;92,14
1;94,14
1;95,14
0;96,13
0;98,13
0;100,13
0;101,13
0;102,13
1;106,14
0;106,13
1;110,14
1;112,14
0;112,13
1;115,14
0;115,13
0;116,13
0;118,13
1;121,14
1;122,14
1;126,14
0;126,13
0;127,13
1;131,14
0;130,13
1;134,14
0;136,13
0;137,13
0;139,13
1;144,14
1;145,14
0;144,13
0;145,13
0;146,13
0;147,13
0;149,13
0;150,13
0;153,13
0;155,13
0;157,13
0;158,13
1;162,14
0;161,13
0;163,13
1;166,14
1;169,14
0;168,13
1;172,14
0;171,13
1;175,14
0;174,13
0;178,13
1;181,14
1;183,14
0;182,13
0;183,13
0;184,13
1;187,14
0;187,13
0;189,13
0;194,13
0;195,13
0;197,13
0;198,13
0;199,13
1;202,14
0;201,13
1;205,14
0;205,13
0;206,13
0;207,13
1;211,14
1;212,14
0;5,14
1;8,15
1;10,15
0;10,14
1;13,15
0;17,14
0;18,14
0;20,14
0;21,14
0;23,14
0;28,14
0;29,14
0;31,14
0;32,14
0;34,14
0;35,14
1;47,15
0;48,14
0;51,14
0;52,14
0;58,14
0;59,14
0;61,14
0;63,14
0;64,14
0;65,14
1;69,15
0;69,14
0;72,14
0;73,14
0;74,14
0;79,14
0;81,14
0;82,14
0;88,14
0;90,14
0;92,14
1;95,15
0;94,14
0;96,14
0;99,14
0;101,14
0;102,14
0;110,14
0;117,14
0;118,14
0;119,14
1;123,15
0;122,14
1;125,15
0;135,14
0;136,14
1;143,15
0;142,14
1;146,15
0;145,14
0;150,14
0;151,14
0;155,14
0;157,14
0;158,14
0;159,14
1;162,15
1;163,15
1;164,15
0;163,14
0;164,14
0;167,14
0;168,14
0;171,14
0;172,14
0;174,14
0;175,14
0;177,14
0;178,14
0;180,14
0;182,14
0;184,14
0;185,14
0;187,14
0;188,14
0;189,14
0;190,14
0;191,14
0;195,14
0;196,14
0;205,14
0;206,14
0;207,14
1;211,15
0;211,14
1;4,16
0;4,15
0;5,15
0;6,15
0;8,15
1;11,16
0;11,15
0;12,15
0;21,15
0;22,15
0;24,15
0;25,15
0;27,15
0;29,15
0;30,15
0;32,15
0;33,15
0;40,15
0;41,15
0;43,15
0;44,15
0;45,15
1;48,16
0;47,15
0;50,15
0;54,15
0;55,15
0;56,15
0;58,15
0;59,15
0;61,15
0;63,15
0;71,15
0;74,15
0;75,15
0;77,15
0;78,15
0;84,15
0;87,15
1;90,16
0;89,15
1;92,16
1;93,16
1;94,16
0;93,15
0;94,15
0;99,15
0;101,15
0;103,15
0;104,15
0;106,15
0;107,15
0;111,15
0;113,15
0;114,15
0;119,15
0;120,15
0;121,15
0;123,15
0;124,15
1;127,16
1;128,16
1;130,16
0;131,15
0;132,15
0;135,15
0;136,15
0;140,15
0;141,15
0;143,15
0;144,15
0;150,15
0;151,15
0;153,15
0;154,15
0;155,15
0;157,15
0;158,15
0;159,15
0;161,15
0;162,15
0;164,15
0;166,15
0;168,15
0;173,15
0;174,15
0;180,15
0;182,15
0;184,15
0;185,15
0;192,15
0;195,15
0;196,15
0;199,15
0;200,15
0;201,15
0;203,15
0;205,15
0;206,15
0;208,15
0;209,15
1;212,16
1;-1,17
0;1,16
1;4,17
1;6,17
0;5,16
1;9,17
0;10,16
1;13,17
0;15,16
0;16,16
0;17,16
0;20,16
0;24,16
0;26,16
0;27,16
0;29,16
0;30,16
0;32,16
0;33,16
0;37,16
0;38,16
1;44,17
1;45,17
0;47,16
0;48,16
0;50,16
0;51,16
0;52,16
0;54,16
0;55,16
0;56,16
0;57,16
0;58,16
0;60,16
0;61,16
0;62,16
0;63,16
0;64,16
0;65,16
0;67,16
0;68,16
0;73,16
0;75,16
0;77,16
0;78,16
0;79,16
0;81,16
0;82,16
0;84,16
0;87,16
0;88,16
0;90,16
0;91,16
0;93,16
0;94,16
0;95,16
0;96,16
0;98,16
0;99,16
0;101,16
0;103,16
0;105,16
0;106,16
0;108,16
0;110,16
0;111,16
0;112,16
0;116,16
0;118,16
0;119,16
0;130,16
0;131,16
0;133,16
0;134,16
0;135,16
0;140,16
0;141,16
0;143,16
0;144,16
0;145,16
0;146,16
0;148,16
0;149,16
0;153,16
0;154,16
0;163,16
0;165,16
0;166,16
0;169,16
0;172,16
0;173,16
0;177,16
0;179,16
0;186,16
0;189,16
0;191,16
0;193,16
0;195,16
0;196,16
0;198,16
0;200,16
0;202,16
0;203,16
0;204,16
0;205,16
1;211,17
0;210,16
1;1,18
0;1,17
0;4,17
0;5,17
0;7,17
0;11,17
0;15,17
0;16,17
0;18,17
0;20,17
0;21,17
0;22,17
0;25,17
0;26,17
0;37,17
0;38,17
1;41,18
0;40,17
1;43,18
0;44,17
0;45,17
0;52,17
0;54,17
0;55,17
0;58,17
0;59,17
0;61,17
0;62,17
0;64,17
0;65,17
0;71,17
0;73,17
0;74,17
0;79,17
0;81,17
0;82,17
0;84,17
0;87,17
0;88,17
0;90,17
0;91,17
0;95,17
0;97,17
0;98,17
0;99,17
0;100,17
0;102,17
0;103,17
0;104,17
0;106,17
0;107,17
0;108,17
0;109,17
0;111,17
0;112,17
0;114,17
0;115,17
0;122,17
0;123,17
0;125,17
0;127,17
0;128,17
0;129,17
0;131,17
0;132,17
0;137,17
0;140,17
1;145,18
1;146,18
0;145,17
0;146,17
0;148,17
0;149,17
0;150,17
0;151,17
0;155,17
0;157,17
0;158,17
0;159,17
0;161,17
0;162,17
0;163,17
0;164,17
0;166,17
0;171,17
0;175,17
0;178,17
0;179,17
0;180,17
0;182,17
0;183,17
0;186,17
0;187,17
0;190,17
0;192,17
0;194,17
0;196,17
0;197,17
0;198,17
0;200,17
0;201,17
0;203,17
0;204,17
0;205,17
1;213,18
1;2,19
1;4,19
0;6,18
0;7,18
0;9,18
0;10,18
0;11,18
1;17,19
1;18,19
0;17,18
0;18,18
0;21,18
0;22,18
0;24,18
0;25,18
0;27,18
0;29,18
0;30,18
0;32,18
0;33,18
0;42,18
0;47,18
0;48,18
0;50,18
0;51,18
1;58,19
1;59,19
1;61,19
1;62,19
0;63,18
0;67,18
0;68,18
0;74,18
0;75,18
0;77,18
0;78,18
0;91,18
0;95,18
0;96,18
0;100,18
0;101,18
0;102,18
0;104,18
0;105,18
0;107,18
0;109,18
0;110,18
0;114,18
0;115,18
0;116,18
0;118,18
0;119,18
0;122,18
0;123,18
0;130,18
0;131,18
0;132,18
0;133,18
0;134,18
0;135,18
0;137,18
0;141,18
0;143,18
0;148,18
0;150,18
0;151,18
0;153,18
0;154,18
0;155,18
0;157,18
0;158,18
0;159,18
0;161,18
0;162,18
1;168,19
0;169,18
0;171,18
0;172,18
0;173,18
0;175,18
0;177,18
0;178,18
0;180,18
0;182,18
0;183,18
0;187,18
0;189,18
0;190,18
0;191,18
0;192,18
0;193,18
0;194,18
0;195,18
0;197,18
0;201,18
0;202,18
1;212,19
0;211,18
1;3,20
0;4,19
0;6,19
0;7,19
0;8,19
0;10,19
0;11,19
0;12,19
1;18,20
1;19,20
0;19,19
0;22,19
0;23,19
0;24,19
0;25,19
0;27,19
0;28,19
0;30,19
0;31,19
0;33,19
0;34,19
0;35,19
0;42,19
0;48,19
0;49,19
0;50,19
0;51,19
0;53,19
0;54,19
0;56,19
0;57,19
0;58,19
0;60,19
0;61,19
0;63,19
0;70,19
0;74,19
0;75,19
0;76,19
0;78,19
0;80,19
0;81,19
0;83,19
0;84,19
0;85,19
0;86,19
0;87,19
0;89,19
0;90,19
0;91,19
0;99,19
0;100,19
0;104,19
0;105,19
0;107,19
0;108,19
0;109,19
0;111,19
0;113,19
0;115,19
0;121,19
0;122,19
0;124,19
0;130,19
0;131,19
0;132,19
0;135,19
0;136,19
0;137,19
0;139,19
0;141,19
0;142,19
0;145,19
0;146,19
0;148,19
0;151,19
0;152,19
0;153,19
0;155,19
0;157,19
0;158,19
0;160,19
0;161,19
0;170,19
1;177,20
1;178,20
0;177,19
0;178,19
0;181,19
0;182,19
0;184,19
0;185,19
0;186,19
0;187,19
0;188,19
0;189,19
0;190,19
0;194,19
0;195,19
0;197,19
0;198,19
0;199,19
0;204,19
0;206,19
0;208,19
0;209,19
0;211,19
1;4,21
0;4,20
0;6,20
0;7,20
0;8,20
1;11,21
0;12,20
0;14,20
0;15,20
1;19,21
1;20,21
0;19,20
0;21,20
0;23,20
0;28,20
0;29,20
0;31,20
0;32,20
0;34,20
0;35,20
1;44,21
0;44,20
1;48,21
0;49,20
0;53,20
0;54,20
0;56,20
0;57,20
0;59,20
0;60,20
0;62,20
0;67,20
0;68,20
0;70,20
0;76,20
0;77,20
0;80,20
0;81,20
0;83,20
0;84,20
0;85,20
0;86,20
0;87,20
0;89,20
0;90,20
1;97,21
0;96,20
0;99,20
0;101,20
0;102,20
0;108,20
0;110,20
0;111,20
0;113,20
0;114,20
0;116,20
0;118,20
0;119,20
0;121,20
0;123,20
0;124,20
1;135,21
1;136,21
1;138,21
0;139,20
1;144,21
1;145,21
1;147,21
1;149,21
0;150,20
0;152,20
0;154,20
0;159,20
0;160,20
0;162,20
1;170,21
1;171,21
1;172,21
0;171,20
1;174,21
0;173,20
1;177,21
0;176,20
1;179,21
0;180,20
0;181,20
0;183,20
0;184,20
1;187,21
0;186,20
0;188,20
1;193,21
1;194,21
0;193,20
0;198,20
0;199,20
0;201,20
0;202,20
0;204,20
0;206,20
0;208,20
0;209,20
1;5,22
0;5,21
1;8,22
0;8,21
1;11,22
1;12,22
1;14,22
0;13,21
1;17,22
0;16,21
0;17,21
0;18,21
0;20,21
0;21,21
0;23,21
0;24,21
0;26,21
0;27,21
0;28,21
0;30,21
0;31,21
0;33,21
0;34,21
1;37,22
0;37,21
1;40,22
0;40,21
1;43,22
1;44,22
1;45,22
1;47,22
0;46,21
1;50,22
1;51,22
0;51,21
1;54,22
0;53,21
1;57,22
0;56,21
0;59,21
0;60,21
0;62,21
0;64,21
0;65,21
1;72,22
1;73,22
1;75,22
0;75,21
1;78,22
0;78,21
0;79,21
0;80,21
0;82,21
0;83,21
1;87,22
1;88,22
1;90,22
1;91,22
1;94,22
0;94,21
1;97,22
0;97,21
0;98,21
1;104,22
1;105,22
1;107,22
1;108,22
1;114,22
1;115,22
1;116,22
1;123,22
0;123,21
1;126,22
1;127,22
1;129,22
1;130,22
0;132,21
0;133,21
1;139,22
0;139,21
1;142,22
0;141,21
0;144,21
0;146,21
0;147,21
0;149,21
0;150,21
1;154,22
1;155,22
0;159,21
0;160,21
0;162,21
1;165,22
0;164,21
1;168,22
0;167,21
1;171,22
0;170,21
0;172,21
0;173,21
0;175,21
1;178,22
0;179,21
1;182,22
1;183,22
1;185,22
1;186,22
1;188,22
1;190,22
1;191,22
1;193,22
1;194,22
1;195,22
0;195,21
0;196,21
1;201,22
0;200,21
1;203,22
0;203,21
1;207,22
0;206,21
1;210,22
0;209,21
1;6,23
0;5,22
1;9,23
0;8,22
1;12,23
1;14,23
0;14,22
1;17,23
1;19,23
1;20,23
1;26,23
0;26,22
1;29,23
0;29,22
1;32,23
0;32,22
1;35,23
0;35,22
0;36,22
1;39,23
0;39,22
1;42,23
0;42,22
0;43,22
1;46,23
1;50,23
0;50,22
1;53,23
1;55,23
1;56,23
1;58,23
1;59,23
0;60,22
0;61,22
1;65,23
0;65,22
1;69,23
0;68,22
1;72,23
0;71,22
0;72,22
0;74,22
1;77,23
0;76,22
1;80,23
1;81,23
1;83,23
1;84,23
1;86,23
0;85,22
0;93,22
0;94,22
1;100,23
0;99,22
1;103,23
0;102,22
1;105,23
1;106,23
1;108,23
1;109,23
1;110,23
1;112,23
1;113,23
1;117,23
1;118,23
0;118,22
1;121,23
0;121,22
1;124,23
0;124,22
1;127,23
0;126,22
1;130,23
1;131,23
0;132,22
0;133,22
1;137,23
0;136,22
1;147,23
1;148,23
1;154,23
0;153,22
0;174,22
0;175,22
1;178,23
0;178,22
1;181,23
1;182,23
0;182,22
1;185,23
0;185,22
1;188,23
1;190,23
1;191,23
0;190,22
1;194,23
0;193,22
1;197,23
0;196,22
0;198,22
0;199,22
0;201,22
1;205,23
0;204,22
0;206,22
0;208,22
0;209,22
0;19,23
0;20,23
0;21,23
0;23,23
0;24,23
0;25,23
0;27,23
0;29,23
0;30,23
0;32,23
0;33,23
0;35,23
0;36,23
0;38,23
0;39,23
0;41,23
0;42,23
0;44,23
0;45,23
0;46,23
0;47,23
0;52,23
0;53,23
0;55,23
0;56,23
0;58,23
0;59,23
0;61,23
0;62,23
0;73,23
0;74,23
0;87,23
0;88,23
0;90,23
0;91,23
0;93,23
0;94,23
0;109,23
0;111,23
0;112,23
0;114,23
0;115,23
0;117,23
0;118,23
0;120,23
0;121,23
0;123,23
0;124,23
0;126,23
0;127,23
0;136,23
0;137,23
0;139,23
0;141,23
0;142,23
0;144,23
0;145,23
0;146,23
0;148,23
0;149,23
0;154,23
0;155,23
0;159,23
0;160,23
0;162,23
0;164,23
0;165,23
0;167,23
0;168,23
0;170,23
0;174,23
0;175,23
0;177,23
0;178,23
0;180,23
0;181,23
0;183,23
0;184,23
0;186,23
0;187,23
0;189,23
0;190,23
0;191,23
0;193,23
0;195,23
0;196,23
0;198,23
0;199,23
0;200,23
0;207,23
0;208,23
0;210,23
