7432
2;0,240
2;60,240
2;120,240
2;180,240
2;240,240
2;300,240
2;360,240
2;420,240
2;480,240
2;0,180
2;60,180
2;120,180
2;180,180
2;240,180
2;300,180
2;360,180
2;420,180
2;480,180
2;241,123
1;254,159
2;278,123
1;301,159
1;325,159
2;338,123
1;349,159
1;373,159
2;397,123
1;398,159
1;422,159
2;446,123
1;457,159
1;481,159
1;237,158
0;241,172
0;251,172
1;254,158
0;258,172
0;268,172
1;234,157
1;237,157
2;0,120
2;60,120
2;120,120
2;180,120
2;232,120
1;234,156
2;240,120
1;258,156
2;261,120
2;263,120
0;282,170
2;300,120
2;321,120
1;323,156
1;347,156
2;360,120
0;371,170
1;420,156
2;444,120
0;230,169
2;232,119
2;240,119
1;263,155
2;265,119
1;287,155
1;292,155
0;300,169
0;310,169
1;311,155
1;316,155
0;320,169
0;325,169
0;330,169
1;228,154
1;230,154
0;242,168
1;253,154
1;254,154
1;265,154
0;267,168
0;278,168
0;288,168
0;289,168
0;298,168
0;299,168
0;308,168
0;309,168
0;318,168
0;319,168
0;328,168
0;329,168
0;338,168
0;339,168
0;348,168
0;349,168
0;358,168
0;359,168
0;368,168
0;369,168
0;378,168
0;379,168
0;388,168
0;389,168
0;398,168
0;399,168
0;408,168
0;409,168
0;418,168
0;419,168
0;428,168
0;429,168
0;438,168
0;439,168
0;448,168
0;449,168
0;458,168
0;459,168
0;468,168
2;469,118
1;478,154
2;227,117
2;228,117
1;238,153
0;242,167
0;252,167
1;253,153
0;257,167
0;268,167
0;277,167
0;278,167
0;225,166
0;227,166
0;237,166
0;238,166
0;247,166
0;248,166
0;258,166
0;260,166
1;224,151
0;225,165
1;233,151
1;248,151
1;257,151
0;260,165
0;262,165
0;271,165
0;223,164
2;224,114
2;231,114
0;262,164
0;264,164
0;271,164
0;274,164
0;281,164
2;222,113
2;223,113
2;229,113
1;231,149
1;255,149
1;264,149
1;266,149
0;272,163
0;273,163
0;279,163
0;288,163
0;290,163
0;298,163
0;300,163
0;308,163
0;310,163
0;318,163
0;320,163
0;328,163
0;330,163
0;338,163
0;340,163
0;348,163
0;350,163
0;358,163
0;360,163
0;368,163
0;370,163
0;378,163
0;380,163
0;388,163
0;390,163
0;398,163
0;400,163
0;408,163
0;410,163
0;418,163
0;420,163
0;428,163
0;430,163
0;438,163
0;440,163
0;448,163
0;450,163
0;458,163
0;460,163
0;468,163
0;470,163
0;478,163
0;480,163
0;488,163
0;490,163
0;498,163
0;221,162
2;222,112
0;228,162
1;229,148
0;231,162
1;238,148
0;253,162
0;258,162
1;261,148
0;262,162
0;263,162
1;266,148
1;267,148
0;268,162
0;272,162
0;274,162
0;284,162
0;285,162
0;290,162
0;291,162
0;294,162
0;295,162
0;300,162
0;301,162
0;304,162
0;305,162
0;310,162
0;311,162
0;314,162
0;315,162
0;320,162
0;321,162
0;324,162
0;325,162
0;330,162
0;331,162
0;334,162
0;335,162
0;340,162
0;341,162
0;344,162
0;345,162
0;350,162
0;351,162
0;354,162
0;355,162
0;360,162
0;361,162
0;364,162
0;365,162
0;370,162
0;371,162
0;374,162
0;375,162
0;380,162
0;381,162
0;384,162
0;385,162
0;390,162
0;391,162
0;394,162
0;395,162
0;400,162
0;401,162
0;404,162
0;405,162
0;410,162
0;411,162
0;414,162
0;415,162
0;420,162
0;421,162
0;424,162
0;425,162
0;430,162
0;431,162
0;434,162
0;435,162
0;440,162
0;441,162
0;444,162
0;445,162
0;450,162
0;451,162
0;454,162
0;455,162
0;460,162
0;461,162
0;464,162
0;465,162
0;470,162
0;471,162
0;474,162
0;475,162
0;480,162
0;481,162
0;484,162
1;485,148
1;490,148
0;491,162
0;494,162
1;220,147
0;221,161
1;227,147
2;228,111
2;231,111
1;244,147
1;251,147
1;267,147
1;274,147
0;288,161
2;219,110
1;220,146
2;226,110
1;227,146
1;244,146
1;251,146
0;269,160
0;276,160
0;282,160
0;371,160
1;218,145
2;219,109
2;225,109
2;226,109
0;230,159
1;253,145
0;269,159
0;270,159
0;276,159
0;280,159
1;285,145
0;290,159
0;309,159
0;319,159
0;325,159
1;329,145
1;340,145
1;353,145
1;364,145
1;377,145
0;388,159
0;398,159
1;401,145
0;408,159
0;418,159
0;425,159
0;428,159
0;435,159
0;438,159
0;445,159
0;448,159
0;455,159
1;458,145
1;465,145
1;482,145
1;489,145
2;224,108
2;225,108
1;239,144
1;252,144
0;253,158
0;256,158
0;266,158
0;267,158
1;270,144
1;271,144
0;278,158
0;284,158
0;285,158
0;288,158
0;289,158
0;298,158
0;299,158
0;308,158
0;309,158
0;318,158
0;319,158
0;328,158
0;329,158
0;338,158
0;339,158
0;348,158
0;349,158
0;358,158
0;359,158
0;368,158
0;369,158
0;378,158
0;379,158
0;388,158
0;389,158
0;398,158
0;399,158
0;408,158
0;409,158
0;418,158
0;419,158
0;428,158
0;429,158
0;438,158
0;439,158
0;448,158
0;449,158
1;458,144
0;459,158
0;478,158
1;482,144
1;488,144
0;217,157
2;218,107
1;223,143
1;224,143
0;227,157
1;239,143
1;242,143
1;247,143
0;248,157
0;256,157
0;257,157
0;262,157
0;263,157
0;268,157
0;273,157
0;278,157
0;283,157
0;287,157
0;293,157
0;297,157
0;303,157
0;307,157
0;313,157
0;317,157
0;323,157
0;327,157
0;333,157
0;337,157
0;343,157
0;347,157
0;353,157
0;357,157
0;363,157
0;367,157
0;373,157
0;377,157
0;383,157
0;387,157
0;393,157
0;397,157
0;403,157
0;407,157
0;413,157
0;417,157
0;423,157
0;427,157
0;433,157
0;437,157
0;443,157
0;447,157
0;453,157
0;457,157
0;463,157
0;467,157
0;473,157
0;477,157
0;483,157
1;487,143
1;493,143
0;216,156
0;217,156
2;222,106
2;223,106
1;225,142
1;226,142
0;237,156
0;238,156
0;247,156
0;248,156
0;249,156
0;250,156
0;259,156
0;260,156
0;268,156
0;269,156
0;272,156
0;273,156
2;221,105
0;222,155
1;225,141
1;232,141
0;234,155
0;244,155
0;249,155
0;254,155
1;256,141
1;259,141
0;261,155
0;262,155
0;264,155
0;270,155
0;273,155
2;215,104
1;216,140
0;223,154
1;233,140
2;234,104
1;240,140
0;257,154
0;261,154
0;267,154
1;272,140
1;275,140
1;277,140
0;279,154
0;280,154
0;284,154
0;289,154
0;290,154
0;291,154
0;296,154
0;300,154
0;306,154
0;310,154
0;316,154
0;320,154
0;326,154
0;330,154
0;336,154
0;340,154
0;346,154
0;350,154
0;356,154
0;360,154
0;366,154
0;370,154
0;376,154
0;380,154
0;386,154
0;390,154
0;396,154
0;400,154
0;406,154
0;410,154
0;416,154
0;420,154
0;426,154
0;430,154
0;436,154
0;440,154
0;446,154
0;450,154
0;456,154
0;460,154
0;466,154
0;470,154
0;476,154
0;480,154
0;486,154
0;490,154
0;496,154
2;220,103
2;221,103
0;232,153
2;233,103
1;253,139
0;262,153
0;263,153
1;274,139
0;275,153
1;277,139
0;279,153
0;280,153
0;281,153
0;282,153
0;283,153
0;285,153
0;288,153
0;291,153
0;292,153
0;295,153
0;302,153
0;305,153
0;312,153
0;315,153
0;322,153
0;325,153
0;332,153
0;335,153
0;342,153
0;345,153
0;352,153
0;355,153
0;362,153
0;365,153
0;372,153
0;375,153
0;382,153
0;385,153
0;392,153
0;395,153
0;402,153
0;405,153
0;412,153
0;415,153
0;422,153
0;425,153
0;432,153
0;435,153
0;442,153
0;445,153
0;452,153
0;455,153
0;462,153
0;465,153
0;472,153
0;475,153
0;482,153
0;485,153
0;492,153
0;495,153
2;214,102
1;215,138
2;221,102
0;228,152
0;231,152
0;232,152
1;256,138
1;258,138
1;262,138
0;263,152
1;264,138
0;275,152
0;276,152
0;278,152
0;290,152
0;291,152
0;300,152
0;301,152
0;310,152
0;311,152
0;320,152
0;321,152
0;330,152
0;331,152
0;340,152
0;341,152
0;350,152
0;351,152
0;360,152
0;361,152
0;370,152
0;371,152
0;380,152
0;381,152
0;390,152
0;391,152
0;400,152
0;401,152
0;410,152
0;411,152
0;420,152
0;421,152
0;430,152
0;431,152
0;440,152
0;441,152
0;450,152
0;451,152
0;460,152
0;461,152
0;470,152
1;471,138
0;480,152
0;485,152
2;219,101
0;220,151
2;221,101
2;237,101
1;239,137
1;256,137
0;258,151
1;263,137
1;264,137
1;265,137
0;268,151
0;278,151
0;279,151
0;280,151
0;281,151
0;287,151
0;288,151
0;290,151
0;291,151
0;300,151
0;301,151
0;310,151
0;311,151
0;320,151
0;321,151
0;330,151
0;331,151
0;340,151
0;341,151
0;350,151
0;351,151
0;360,151
0;361,151
0;370,151
0;371,151
0;380,151
0;381,151
0;390,151
0;391,151
0;400,151
0;401,151
0;410,151
0;411,151
0;420,151
0;421,151
0;430,151
0;431,151
0;440,151
0;441,151
0;450,151
0;451,151
0;460,151
0;461,151
0;470,151
0;471,151
0;480,151
2;481,101
1;490,137
1;213,136
1;214,136
0;218,150
2;219,100
0;228,150
2;236,100
0;258,150
0;259,150
1;268,136
1;277,136
0;281,150
0;286,150
0;291,150
0;371,150
2;229,99
1;235,135
1;236,135
0;240,149
2;250,99
1;254,135
1;265,135
1;266,135
0;269,149
0;270,149
0;276,149
0;280,149
0;300,149
2;301,99
0;309,149
0;319,149
0;325,149
2;361,99
0;388,149
1;397,135
2;425,99
2;446,99
2;457,99
2;458,99
2;465,99
1;485,135
2;234,98
2;235,98
1;237,134
0;253,148
1;254,134
0;256,148
0;260,148
1;261,134
0;266,148
0;267,148
1;270,134
0;278,148
0;284,148
0;288,148
0;289,148
0;298,148
0;299,148
0;308,148
1;309,134
0;318,148
0;328,148
0;333,148
1;338,134
0;343,148
0;353,148
0;362,148
1;363,134
1;372,134
1;387,134
1;396,134
1;411,134
1;420,134
0;435,148
1;444,134
1;445,134
0;458,148
0;478,148
1;212,133
2;213,97
0;218,147
1;229,133
1;233,133
0;236,147
0;246,147
0;248,147
0;253,147
0;258,147
0;272,147
0;273,147
0;277,147
0;278,147
1;487,133
0;493,147
1;216,132
0;217,146
2;226,96
1;232,132
1;233,132
1;234,132
0;237,146
0;238,146
0;240,146
1;247,132
1;248,132
1;249,132
1;256,132
1;262,132
0;263,146
0;268,146
0;270,146
0;271,146
0;273,146
0;279,146
0;281,146
0;289,146
2;291,96
1;299,132
0;351,146
0;361,146
1;420,132
2;222,95
2;227,95
0;228,145
2;232,95
1;234,131
1;238,131
0;249,145
0;258,145
0;261,145
0;264,145
0;267,145
0;270,145
0;272,145
0;273,145
0;277,145
0;335,145
0;340,145
0;345,145
0;350,145
0;355,145
0;360,145
0;365,145
0;370,145
0;375,145
0;380,145
0;385,145
0;390,145
0;395,145
0;400,145
0;405,145
0;410,145
0;415,145
0;420,145
0;425,145
0;430,145
0;435,145
0;440,145
0;445,145
0;450,145
0;455,145
0;460,145
0;465,145
0;470,145
0;475,145
0;480,145
1;485,131
1;490,131
1;216,130
1;217,130
0;223,144
1;228,130
0;230,144
1;231,130
1;232,130
1;241,130
1;253,130
1;255,130
1;256,130
1;257,130
0;261,144
1;277,130
1;279,130
0;281,144
0;284,144
0;289,144
0;296,144
0;303,144
0;306,144
0;313,144
0;316,144
0;323,144
0;326,144
0;333,144
0;336,144
0;343,144
0;346,144
0;353,144
0;356,144
0;363,144
0;366,144
0;373,144
0;376,144
0;383,144
0;386,144
0;393,144
0;396,144
0;403,144
0;406,144
0;413,144
0;416,144
0;423,144
0;426,144
0;433,144
0;436,144
0;443,144
2;446,94
2;453,94
1;478,130
2;211,93
2;212,93
0;232,143
2;238,93
0;253,143
1;264,129
0;265,143
0;271,143
0;273,143
1;277,129
0;279,143
0;280,143
0;282,143
0;283,143
0;284,143
0;292,143
0;294,143
0;302,143
0;304,143
0;312,143
0;314,143
0;322,143
0;324,143
0;332,143
0;334,143
0;342,143
0;344,143
0;352,143
0;354,143
0;362,143
0;364,143
0;372,143
0;374,143
0;382,143
0;384,143
0;392,143
0;394,143
0;402,143
0;404,143
0;412,143
0;414,143
0;422,143
0;424,143
0;432,143
0;434,143
0;442,143
0;444,143
0;452,143
0;454,143
0;462,143
0;464,143
0;472,143
0;474,143
0;482,143
1;484,129
0;492,143
0;228,142
0;230,142
0;232,142
2;240,92
2;241,92
0;263,142
0;275,142
0;276,142
0;278,142
0;290,142
0;291,142
1;471,128
1;485,128
1;490,128
2;220,91
0;224,141
1;226,127
2;227,91
0;230,141
2;233,91
1;234,127
0;240,141
1;268,127
1;269,127
0;272,141
0;279,141
0;282,141
0;297,141
0;298,141
0;307,141
0;308,141
0;317,141
0;318,141
0;327,141
0;328,141
0;337,141
0;338,141
0;347,141
0;348,141
0;357,141
0;358,141
0;367,141
0;368,141
0;377,141
0;378,141
0;387,141
0;388,141
0;397,141
0;398,141
0;407,141
0;408,141
0;417,141
0;418,141
0;427,141
0;428,141
0;437,141
0;438,141
0;447,141
0;448,141
0;457,141
0;458,141
1;467,127
1;468,127
0;481,141
0;490,141
0;492,141
2;218,90
2;229,90
2;230,90
0;238,140
0;248,140
0;259,140
1;265,126
1;266,126
0;268,140
0;281,140
0;286,140
0;291,140
0;371,140
2;231,89
0;240,139
1;264,125
2;266,89
2;269,89
2;270,89
0;276,139
1;291,125
0;300,139
0;309,139
1;315,125
0;319,139
0;325,139
0;326,139
0;329,139
0;330,139
0;336,139
0;340,139
0;346,139
0;350,139
0;356,139
0;360,139
0;366,139
0;370,139
1;376,125
0;380,139
0;388,139
0;390,139
2;226,88
1;238,124
1;256,124
0;260,138
1;261,124
1;263,124
0;269,138
2;276,88
0;277,138
1;278,124
0;279,138
0;280,138
0;284,138
1;286,124
2;291,88
1;302,124
1;309,124
1;310,124
0;326,138
1;334,124
1;338,124
1;351,124
1;358,124
1;363,124
0;372,138
1;375,124
0;387,138
0;397,138
0;399,138
0;407,138
0;409,138
1;417,124
2;419,88
0;435,138
2;441,88
0;458,138
0;478,138
1;479,124
0;485,138
2;490,88
0;495,138
0;218,137
2;220,87
2;227,87
2;236,87
0;248,137
0;253,137
1;256,123
1;258,123
1;267,123
1;272,123
0;273,137
1;274,123
1;275,123
1;277,123
0;278,137
0;299,137
0;301,137
0;309,137
0;311,137
0;319,137
0;321,137
0;329,137
0;331,137
0;339,137
0;341,137
0;349,137
0;351,137
0;359,137
0;361,137
0;369,137
0;371,137
0;379,137
0;381,137
0;389,137
0;391,137
0;399,137
0;401,137
0;409,137
0;411,137
0;419,137
0;421,137
0;429,137
0;431,137
0;439,137
0;441,137
0;449,137
0;451,137
0;459,137
0;461,137
0;469,137
0;471,137
2;479,87
2;481,87
0;493,137
2;217,86
2;220,86
0;237,136
0;238,136
0;240,136
0;263,136
1;270,122
1;271,122
0;273,136
0;275,136
1;277,122
0;278,136
0;279,136
0;285,136
0;288,136
0;289,136
0;291,136
0;294,136
0;298,136
0;304,136
0;308,136
0;314,136
0;318,136
0;324,136
0;328,136
1;334,122
0;338,136
0;348,136
0;351,136
0;361,136
1;218,121
0;228,135
2;249,85
0;253,135
0;258,135
1;259,121
1;261,121
0;263,135
0;264,135
1;267,121
0;270,135
0;271,135
0;272,135
0;277,135
0;281,135
0;329,135
0;335,135
0;339,135
0;345,135
0;349,135
2;355,85
2;359,85
0;388,135
2;398,85
0;415,135
2;419,85
2;465,85
2;479,85
2;485,85
1;490,121
0;223,134
0;230,134
1;239,120
1;252,120
0;261,134
1;270,120
1;271,120
0;281,134
0;284,134
0;289,134
0;296,134
0;303,134
0;306,134
0;313,134
0;316,134
0;323,134
0;326,134
0;333,134
0;336,134
0;343,134
0;346,134
0;353,134
0;356,134
0;363,134
0;366,134
0;373,134
0;376,134
0;383,134
0;386,134
0;393,134
0;396,134
0;403,134
0;406,134
0;413,134
0;416,134
2;423,84
0;426,134
0;436,134
1;453,120
2;458,84
1;477,120
2;483,84
1;488,120
0;223,133
2;224,83
1;232,119
2;233,83
1;239,119
1;248,119
0;253,133
0;256,133
0;265,133
0;272,133
0;273,133
0;279,133
0;280,133
0;281,133
0;283,133
0;291,133
0;293,133
0;301,133
0;303,133
0;311,133
0;313,133
0;321,133
0;323,133
0;331,133
0;333,133
0;341,133
0;343,133
0;351,133
0;353,133
0;361,133
0;363,133
0;371,133
0;373,133
0;381,133
0;383,133
0;391,133
0;393,133
0;401,133
0;403,133
0;411,133
0;413,133
0;421,133
0;423,133
0;431,133
0;433,133
0;441,133
0;443,133
0;451,133
0;453,133
0;461,133
0;463,133
2;471,83
2;473,83
1;484,119
2;487,83
0;493,133
1;225,118
1;226,118
0;228,132
0;230,132
0;232,132
0;263,132
0;275,132
0;276,132
0;278,132
0;290,132
0;291,132
2;224,81
1;225,117
2;230,81
2;232,81
1;234,117
1;250,117
1;258,117
1;259,117
0;272,131
0;274,131
0;279,131
0;280,131
0;297,131
0;298,131
0;307,131
0;308,131
0;317,131
0;318,131
0;327,131
0;328,131
0;337,131
0;338,131
0;347,131
0;348,131
0;357,131
0;358,131
0;367,131
0;368,131
0;377,131
0;378,131
0;387,131
0;388,131
0;397,131
0;398,131
0;407,131
0;408,131
0;417,131
0;418,131
0;427,131
0;428,131
0;437,131
0;438,131
0;447,131
0;448,131
0;457,131
0;458,131
0;481,131
0;490,131
0;492,131
2;211,80
2;212,80
2;217,80
0;238,130
2;239,80
0;248,130
1;259,116
1;262,116
0;264,130
0;268,130
0;269,130
0;271,130
0;274,130
0;275,130
0;279,130
0;285,130
0;289,130
0;295,130
0;299,130
0;305,130
0;309,130
0;315,130
0;319,130
0;325,130
0;329,130
0;335,130
0;339,130
0;345,130
0;349,130
1;355,116
0;359,130
0;369,130
0;371,130
2;232,79
1;233,115
2;239,79
1;250,115
0;253,129
2;255,79
1;262,115
0;276,129
0;278,129
2;279,79
1;286,115
0;288,129
1;292,115
0;299,129
0;300,129
0;301,129
0;310,129
1;311,115
0;315,129
0;316,129
0;320,129
1;376,115
0;388,129
1;215,114
1;231,114
1;232,114
2;240,78
2;241,78
1;254,114
0;258,128
0;260,128
0;262,128
1;263,114
1;268,114
0;269,128
1;272,114
1;277,114
0;278,128
0;279,128
0;282,128
0;284,128
0;286,128
0;290,128
0;326,128
0;372,128
2;387,78
0;399,128
0;409,128
1;417,114
0;435,128
2;441,78
1;447,114
0;458,128
0;478,128
0;485,128
0;218,127
1;239,113
0;248,127
0;253,127
1;256,113
1;263,113
0;273,127
1;278,113
0;289,127
0;301,127
0;302,127
0;311,127
0;312,127
0;321,127
0;322,127
0;331,127
0;332,127
0;341,127
0;342,127
0;351,127
0;352,127
0;361,127
0;362,127
0;371,127
0;372,127
0;381,127
0;382,127
0;391,127
0;392,127
0;401,127
0;402,127
0;411,127
0;412,127
0;421,127
0;422,127
0;431,127
0;432,127
0;441,127
0;442,127
0;451,127
0;452,127
0;461,127
0;462,127
0;471,127
1;472,113
2;479,77
2;490,77
0;493,127
1;496,113
2;212,76
2;214,76
1;217,112
1;218,112
1;230,112
2;231,76
0;240,126
1;247,112
1;248,112
0;253,126
0;268,126
1;271,112
1;274,112
0;275,126
0;278,126
0;279,126
0;282,126
0;285,126
0;288,126
0;289,126
0;294,126
0;295,126
0;304,126
2;305,76
0;314,126
2;324,76
1;334,112
1;351,112
0;365,126
1;371,112
1;384,112
1;395,112
0;408,126
0;418,126
0;419,126
0;428,126
0;429,126
0;438,126
0;439,126
0;448,126
0;449,126
0;458,126
0;459,126
0;468,126
0;469,126
0;478,126
0;479,126
0;488,126
1;489,112
1;498,112
0;228,125
1;235,111
1;236,111
0;253,125
1;254,111
0;258,125
0;263,125
0;264,125
1;265,111
1;266,111
0;270,125
0;271,125
0;272,125
0;277,125
0;281,125
0;329,125
0;335,125
0;339,125
0;345,125
0;349,125
0;388,125
1;397,111
0;415,125
1;485,111
2;218,74
2;219,74
0;223,124
0;230,124
1;237,110
2;254,74
2;270,74
0;271,124
0;279,124
1;284,110
1;285,110
2;291,74
1;296,110
0;299,124
2;303,74
2;308,74
1;309,110
1;314,110
0;320,124
0;351,124
0;361,124
0;362,124
0;368,124
0;371,124
0;378,124
0;381,124
0;388,124
0;391,124
0;398,124
0;401,124
1;408,110
1;411,110
1;423,110
1;432,110
1;445,110
1;446,110
1;447,110
1;456,110
0;468,124
0;470,124
0;471,124
0;478,124
0;481,124
1;488,110
1;491,110
1;212,109
0;213,123
2;214,73
1;229,109
1;230,109
0;231,123
0;242,123
0;252,123
1;256,109
0;257,123
0;262,123
0;263,123
0;265,123
0;266,123
0;267,123
0;274,123
0;279,123
0;284,123
0;290,123
0;294,123
0;300,123
0;304,123
0;310,123
0;314,123
0;320,123
0;324,123
0;330,123
0;334,123
0;340,123
0;344,123
0;350,123
0;354,123
0;360,123
0;364,123
0;370,123
0;374,123
0;380,123
0;384,123
0;390,123
0;394,123
0;400,123
0;404,123
0;410,123
0;414,123
0;420,123
0;424,123
0;430,123
0;434,123
0;440,123
0;444,123
0;450,123
0;454,123
0;460,123
0;464,123
1;470,109
2;471,73
2;473,73
2;474,73
2;487,73
1;493,109
1;494,109
2;216,72
1;219,108
2;220,72
1;228,108
1;230,108
0;233,122
1;234,108
0;238,122
0;242,122
0;247,122
0;249,122
0;254,122
0;259,122
0;262,122
2;263,72
1;265,108
0;269,122
1;271,108
1;275,108
0;278,122
0;279,122
0;285,122
0;290,122
0;291,122
1;420,108
1;214,107
0;215,121
1;225,107
1;231,107
1;232,107
1;234,107
1;240,107
1;241,107
1;249,107
1;254,107
0;256,121
1;262,107
0;263,121
0;265,121
1;266,107
0;272,121
0;274,121
0;276,121
0;278,121
0;279,121
0;281,121
0;288,121
0;291,121
0;297,121
0;301,121
0;307,121
0;311,121
0;317,121
0;321,121
0;327,121
0;331,121
0;337,121
0;341,121
0;347,121
0;351,121
0;357,121
0;361,121
0;367,121
0;371,121
0;377,121
0;381,121
0;387,121
0;391,121
0;397,121
0;401,121
0;407,121
0;411,121
0;417,121
0;421,121
0;427,121
0;431,121
0;437,121
0;441,121
0;447,121
0;451,121
0;457,121
0;461,121
0;468,121
1;471,107
1;478,107
0;481,121
0;485,121
0;492,121
2;216,70
2;217,70
2;220,70
0;221,120
0;228,120
0;233,120
1;239,106
0;243,120
1;252,106
0;255,120
1;258,106
1;262,106
0;264,120
1;268,106
1;269,106
1;271,106
1;277,106
1;278,106
1;282,106
1;284,106
0;286,120
0;292,120
0;293,120
0;295,120
0;296,120
0;305,120
0;308,120
0;315,120
0;318,120
0;325,120
0;328,120
0;335,120
1;338,106
0;345,120
1;362,106
0;371,120
1;379,106
1;386,106
0;403,120
0;410,120
0;413,120
0;420,120
0;423,120
0;430,120
0;433,120
0;440,120
2;443,70
2;450,70
1;478,106
1;215,105
2;216,69
1;233,105
1;253,105
1;262,105
2;263,69
0;264,119
1;274,105
0;278,119
0;279,119
0;280,119
0;289,119
0;290,119
1;309,105
1;311,105
0;315,119
0;316,119
0;323,119
0;330,119
0;335,119
0;340,119
0;345,119
0;350,119
0;355,119
0;360,119
0;365,119
0;370,119
0;375,119
1;380,105
0;385,119
0;388,119
1;395,105
1;404,105
1;419,105
1;428,105
2;443,69
2;452,69
1;484,105
1;221,104
1;222,104
1;245,104
1;246,104
0;258,118
0;260,118
0;262,118
1;270,104
0;273,118
0;274,118
0;278,118
0;282,118
0;283,118
0;286,118
0;289,118
0;290,118
0;293,118
0;299,118
0;303,118
1;309,104
0;313,118
0;323,118
0;326,118
0;372,118
0;399,118
0;409,118
0;435,118
0;458,118
1;471,104
0;478,118
0;490,118
0;495,118
0;216,117
2;217,67
0;218,117
2;222,67
2;223,67
2;234,67
1;248,103
1;250,103
0;253,117
0;268,117
1;269,103
0;274,117
1;277,103
1;279,103
0;282,117
0;284,117
0;289,117
0;302,117
0;303,117
0;312,117
0;313,117
0;322,117
0;323,117
0;332,117
0;333,117
0;342,117
0;343,117
0;352,117
0;353,117
0;362,117
0;363,117
0;372,117
0;373,117
0;382,117
0;383,117
0;392,117
0;393,117
0;402,117
0;403,117
0;412,117
0;413,117
0;422,117
0;423,117
0;432,117
0;433,117
0;442,117
2;443,67
0;452,117
0;462,117
1;467,103
1;468,103
2;481,67
0;493,117
2;217,66
2;218,66
1;223,102
2;224,66
0;240,116
1;247,102
0;253,116
2;265,66
1;266,102
1;268,102
0;272,116
1;275,102
0;279,116
1;284,102
0;294,116
0;298,116
0;304,116
0;305,116
0;314,116
0;315,116
0;365,116
1;408,102
1;419,102
1;432,102
1;443,102
2;456,66
2;467,66
1;489,102
1;498,102
0;224,115
2;225,65
0;228,115
1;234,101
1;253,101
2;268,65
0;272,115
1;273,101
1;274,101
1;280,101
0;285,115
0;287,115
0;288,115
0;295,115
0;304,115
0;305,115
0;314,115
1;315,101
1;324,101
1;328,101
2;329,65
1;335,101
1;348,101
0;352,115
1;355,101
0;362,115
0;376,115
0;379,115
0;386,115
0;388,115
0;396,115
0;400,115
1;406,101
0;410,115
0;415,115
0;420,115
2;218,64
1;219,100
0;223,114
2;225,64
2;226,64
0;230,114
1;238,100
0;243,114
1;253,100
1;256,100
2;261,64
1;263,100
0;269,114
0;270,114
0;271,114
1;276,100
0;280,114
0;289,114
0;290,114
0;320,114
1;321,100
1;326,100
2;333,64
2;338,64
1;345,100
1;350,100
1;363,100
1;368,100
1;369,100
2;372,64
1;374,100
0;382,114
1;399,100
0;408,114
0;411,114
1;417,100
1;418,100
1;421,100
1;423,100
0;432,114
2;445,64
1;447,100
0;468,114
0;470,114
0;478,114
1;479,100
2;491,64
0;213,113
2;219,63
2;220,63
2;226,63
2;227,63
2;231,63
1;242,99
2;256,63
0;257,113
1;258,99
1;263,99
0;265,113
0;268,113
0;269,113
2;273,63
2;279,63
2;286,63
2;289,63
2;290,63
0;296,113
1;298,99
1;299,99
0;306,113
2;322,63
0;323,113
0;339,113
2;346,63
1;350,99
1;374,99
2;382,63
1;397,99
1;406,99
2;421,63
1;430,99
2;442,63
1;446,99
0;454,113
1;457,99
0;464,113
1;220,98
2;221,62
2;227,62
0;228,112
0;233,112
2;242,62
0;244,112
1;247,98
1;248,98
1;249,98
0;252,112
0;257,112
0;264,112
1;268,98
1;270,98
0;273,112
0;275,112
0;277,112
0;278,112
0;281,112
0;283,112
0;289,112
0;290,112
0;292,112
0;293,112
0;299,112
0;303,112
0;309,112
0;313,112
1;319,98
0;323,112
1;333,98
1;334,98
1;343,98
0;357,112
0;215,111
0;218,111
2;221,61
0;222,111
2;229,61
2;232,61
1;242,97
0;256,111
0;259,111
1;261,97
1;263,97
1;265,97
0;269,111
0;272,111
1;275,97
1;276,97
1;278,97
1;283,97
1;284,97
1;286,97
1;287,97
0;289,111
0;291,111
0;292,111
0;297,111
0;298,111
0;300,111
0;301,111
1;467,97
1;468,97
0;471,111
2;478,61
0;485,111
0;490,111
2;0,60
2;60,60
2;120,60
2;180,60
2;221,60
0;222,110
0;223,110
0;228,110
0;229,110
2;240,60
1;252,96
1;253,96
0;255,110
2;261,60
1;266,96
1;270,96
0;271,110
0;272,110
1;273,96
0;274,110
0;277,110
0;282,110
1;284,96
0;286,110
0;287,110
0;290,110
0;292,110
0;293,110
0;296,110
2;321,60
2;323,60
1;338,96
0;355,110
1;362,96
2;365,60
0;371,110
0;383,110
1;386,96
0;393,110
0;420,110
0;425,110
1;430,96
1;435,96
0;443,110
0;444,110
0;450,110
0;459,110
2;460,60
2;469,60
1;488,96
0;223,109
1;224,95
1;231,95
1;239,95
1;240,95
1;255,95
1;256,95
2;262,59
0;264,109
1;265,95
0;271,109
1;278,95
1;281,95
0;288,109
0;289,109
0;292,109
0;298,109
0;305,109
1;308,95
0;316,109
0;322,109
0;323,109
0;330,109
0;335,109
0;340,109
0;345,109
0;350,109
0;355,109
0;360,109
0;365,109
0;370,109
0;375,109
0;385,109
0;388,109
1;484,95
2;224,58
1;226,94
2;233,58
2;235,58
1;249,94
0;258,108
1;271,94
2;272,58
0;274,108
0;278,108
0;282,108
1;284,94
0;286,108
0;289,108
0;290,108
0;293,108
0;299,108
0;303,108
1;308,94
0;313,108
0;323,108
0;326,108
0;372,108
0;399,108
0;409,108
2;435,58
1;445,94
0;458,108
0;478,108
0;490,108
0;216,107
2;218,57
1;234,93
1;235,93
2;238,57
1;249,93
0;250,107
1;253,93
0;257,107
0;258,107
1;263,93
0;267,107
1;268,93
1;270,93
0;273,107
0;288,107
0;289,107
0;302,107
0;303,107
0;312,107
0;313,107
0;322,107
0;323,107
0;332,107
0;333,107
0;342,107
0;343,107
0;352,107
0;353,107
0;362,107
0;363,107
0;372,107
0;373,107
0;382,107
0;383,107
0;392,107
0;393,107
0;402,107
0;403,107
2;412,57
0;413,107
0;423,107
0;433,107
2;493,57
2;227,56
1;228,92
1;238,92
0;240,106
0;242,106
0;257,106
1;259,92
1;263,92
1;268,92
1;272,92
0;279,106
0;282,106
0;286,106
0;294,106
0;298,106
0;304,106
0;305,106
0;314,106
0;315,106
1;355,92
0;365,106
0;224,105
2;230,55
1;233,91
1;238,91
2;242,55
1;250,91
1;253,91
0;265,105
0;267,105
0;272,105
0;275,105
0;287,105
0;288,105
0;290,105
0;292,105
0;300,105
2;304,55
1;311,91
2;315,55
1;316,91
2;324,55
1;340,91
2;352,55
2;372,55
2;375,55
0;379,105
1;384,91
1;388,91
0;398,105
1;406,91
0;415,105
0;432,105
0;435,105
0;442,105
0;445,105
0;452,105
0;455,105
0;462,105
0;465,105
0;472,105
0;475,105
0;482,105
2;485,55
0;492,105
1;215,90
0;223,104
2;224,54
1;240,90
0;243,104
0;254,104
0;255,104
1;256,90
0;268,104
0;269,104
0;270,104
0;271,104
0;272,104
0;277,104
0;282,104
0;289,104
0;291,104
0;296,104
0;300,104
1;306,90
0;310,104
0;382,104
1;408,90
0;411,104
1;417,90
1;418,90
1;447,90
0;468,104
0;470,104
0;478,104
2;213,53
0;222,103
0;229,103
2;234,53
2;256,53
0;257,103
1;261,89
1;263,89
1;265,89
1;268,89
0;269,103
0;273,103
0;275,103
1;280,89
1;282,89
0;292,103
0;294,103
0;296,103
0;323,103
0;339,103
2;454,53
2;472,53
2;474,53
1;217,88
2;218,52
0;222,102
2;228,52
1;230,88
0;232,102
0;233,102
1;234,88
1;237,88
0;238,102
1;244,88
0;247,102
0;252,102
0;254,102
0;267,102
1;268,88
0;272,102
1;273,88
0;275,102
0;281,102
2;287,52
1;289,88
0;290,102
1;295,88
1;297,88
1;298,88
0;302,102
0;312,102
0;313,102
0;321,102
0;323,102
0;331,102
1;334,88
0;341,102
1;347,88
0;357,102
1;375,88
1;384,88
0;399,102
0;409,102
1;489,88
0;498,102
2;215,51
2;218,51
0;222,101
0;225,101
0;231,101
0;236,101
2;237,51
0;246,101
1;258,87
1;260,87
1;265,87
1;272,87
1;275,87
0;279,101
1;284,87
0;288,101
0;290,101
0;292,101
1;296,87
0;307,101
0;310,101
0;311,101
0;317,101
0;321,101
0;327,101
0;331,101
0;337,101
0;341,101
0;347,101
0;351,101
0;357,101
2;361,51
0;367,101
0;377,101
0;387,101
1;471,87
2;481,51
2;490,51
0;219,100
0;222,100
0;223,100
2;226,50
0;228,100
2;237,50
0;239,100
1;241,86
2;249,50
2;254,50
0;255,100
2;261,50
1;265,86
0;271,100
0;272,100
1;274,86
1;277,86
0;279,100
0;282,100
1;285,86
1;286,86
0;290,100
0;292,100
0;293,100
0;296,100
0;298,100
0;301,100
0;310,100
0;311,100
2;333,50
0;338,100
2;348,50
0;355,100
0;371,100
0;383,100
0;403,100
0;411,100
0;413,100
2;420,50
1;421,86
0;425,100
1;430,86
1;435,86
1;443,86
0;444,100
0;446,100
0;450,100
1;453,86
1;454,86
1;456,86
0;467,100
0;470,100
0;471,100
0;478,100
0;481,100
1;212,85
0;219,99
0;223,99
2;225,49
2;226,49
1;230,85
2;253,49
1;256,85
0;264,99
0;271,99
1;279,85
0;288,99
0;289,99
0;292,99
1;298,85
0;303,99
0;305,99
1;308,85
0;316,99
0;323,99
0;330,99
0;335,99
0;340,99
0;345,99
0;350,99
0;355,99
0;360,99
0;365,99
0;370,99
0;375,99
0;385,99
0;388,99
2;470,49
2;493,49
1;219,84
0;224,98
2;225,48
1;228,84
1;230,84
0;265,98
2;268,48
1;271,84
0;274,98
0;278,98
0;282,98
1;284,84
0;286,98
0;290,98
0;293,98
0;299,98
0;303,98
0;308,98
0;313,98
0;318,98
0;323,98
0;326,98
0;372,98
0;399,98
0;409,98
1;420,84
0;458,98
0;478,98
0;490,98
2;214,47
1;216,83
0;218,97
2;225,47
2;226,47
2;228,47
0;231,97
1;232,83
0;234,97
1;238,83
0;244,97
0;250,97
0;255,97
0;257,97
0;264,97
1;266,83
1;267,83
1;268,83
1;277,83
0;283,97
1;285,83
0;289,97
0;291,97
0;292,97
0;293,97
0;298,97
0;308,97
0;309,97
0;318,97
0;319,97
0;328,97
0;329,97
0;338,97
0;339,97
0;348,97
0;349,97
0;358,97
0;359,97
0;368,97
0;369,97
0;378,97
2;379,47
1;388,83
2;439,47
2;443,47
1;471,83
2;478,47
0;499,97
0;222,96
2;223,46
0;232,96
1;239,82
0;240,96
1;257,82
0;258,96
1;262,82
0;267,96
1;269,82
0;271,96
0;276,96
0;278,96
0;279,96
0;284,96
0;288,96
0;295,96
0;296,96
2;301,46
2;302,46
1;324,82
2;325,46
0;338,96
1;361,82
1;362,82
0;365,96
0;379,96
1;386,82
1;389,82
0;403,96
1;478,82
1;215,81
2;221,45
0;224,95
1;233,81
2;253,45
1;262,81
0;265,95
0;267,95
0;272,95
1;274,81
1;275,81
1;277,81
0;285,95
0;287,95
0;288,95
0;290,95
0;292,95
0;295,95
0;299,95
0;300,95
0;301,95
0;305,95
0;313,95
0;315,95
0;323,95
0;325,95
0;379,95
0;380,95
2;390,45
1;395,81
0;398,95
0;415,95
1;419,81
0;432,95
0;435,95
0;442,95
0;445,95
0;450,95
0;455,95
0;460,95
0;465,95
0;470,95
0;475,95
0;480,95
0;484,95
1;490,81
2;494,45
2;215,44
2;221,44
2;222,44
0;223,94
2;234,44
0;243,94
0;254,94
0;255,94
0;268,94
1;270,80
2;271,44
1;272,80
0;277,94
0;279,94
0;280,94
0;282,94
1;290,80
0;291,94
0;299,94
1;300,80
1;306,80
0;314,94
0;320,94
0;331,94
0;333,94
0;341,94
0;343,94
0;351,94
0;353,94
0;361,94
1;363,80
0;371,94
0;381,94
0;382,94
0;387,94
0;391,94
1;397,80
0;401,94
2;468,44
0;470,94
1;471,80
2;488,44
2;220,43
2;221,43
0;222,93
0;229,93
1;233,79
1;248,79
1;250,79
0;267,93
0;273,93
0;275,93
0;292,93
0;294,93
0;296,93
0;301,93
0;303,93
1;311,79
0;313,93
0;333,93
1;335,79
1;339,79
0;343,93
0;349,93
0;353,93
0;467,93
0;468,93
0;477,93
0;478,93
2;487,43
2;488,43
1;491,79
1;492,79
1;214,78
2;221,42
2;222,42
1;223,78
0;233,92
2;242,42
1;248,78
0;252,92
0;254,92
0;257,92
1;266,78
1;268,78
0;271,92
0;274,92
0;277,92
0;285,92
0;287,92
0;290,92
2;291,42
1;295,78
1;297,78
0;299,92
1;308,78
0;309,92
0;313,92
0;322,92
0;323,92
0;357,92
1;399,78
1;408,78
1;423,78
1;432,78
2;447,42
2;467,42
1;489,78
2;219,41
0;221,91
0;222,91
0;225,91
1;234,77
2;236,41
1;237,77
0;241,91
0;251,91
0;253,91
1;256,77
0;263,91
2;274,41
1;277,77
0;279,91
0;281,91
2;288,41
0;290,91
2;291,41
0;292,91
1;296,77
0;301,91
1;304,77
2;307,41
1;310,77
1;315,77
1;324,77
1;335,77
0;351,91
2;352,41
1;355,77
0;367,91
2;372,41
0;377,91
0;387,91
1;406,77
0;412,91
0;422,91
1;481,77
1;219,76
0;222,90
0;223,90
2;228,40
2;229,40
2;236,40
0;239,90
0;253,90
0;255,90
0;256,90
0;262,90
0;266,90
0;271,90
1;277,76
0;280,90
2;287,40
2;288,40
0;293,90
0;296,90
0;298,90
1;302,76
0;310,90
2;338,40
2;347,40
0;355,90
1;363,76
2;368,40
0;371,90
1;383,76
1;392,76
1;399,76
2;403,40
0;411,90
2;416,40
1;417,76
0;418,90
1;421,76
0;425,90
2;442,40
0;444,90
1;446,76
0;450,90
0;456,90
0;463,90
0;466,90
0;467,90
0;473,90
0;478,90
2;479,40
1;480,76
2;483,40
2;491,40
2;219,39
0;223,89
1;242,75
1;250,75
1;258,75
1;263,75
1;264,75
0;271,89
1;279,75
2;292,39
1;301,75
0;302,89
0;305,89
0;310,89
0;312,89
0;313,89
0;316,89
0;320,89
0;323,89
0;325,89
0;350,89
0;352,89
0;360,89
0;362,89
0;370,89
1;372,75
1;388,75
0;395,89
0;396,89
0;397,89
0;405,89
1;407,75
0;412,89
0;415,89
0;422,89
0;431,89
1;432,75
1;441,75
1;454,75
1;456,75
0;458,89
0;468,89
0;470,89
0;481,89
1;485,75
2;491,39
1;220,74
1;224,74
2;235,38
1;247,74
1;249,74
0;265,88
0;268,88
0;270,88
0;272,88
0;274,88
0;280,88
0;286,88
0;288,88
2;293,38
0;298,88
0;299,88
1;300,74
2;319,38
1;324,74
0;326,88
0;328,88
1;334,74
0;338,88
0;353,88
0;357,88
2;363,38
0;372,88
1;379,74
0;399,88
0;403,88
0;409,88
0;413,88
0;458,88
0;478,88
0;490,88
2;213,37
0;218,87
0;231,87
0;234,87
1;242,73
0;244,87
2;250,37
1;255,73
0;257,87
1;260,73
1;261,73
1;263,73
1;264,73
1;274,73
1;275,73
1;276,73
1;278,73
1;279,73
1;286,73
1;287,73
0;288,87
0;291,87
0;292,87
0;298,87
0;299,87
0;307,87
0;310,87
0;317,87
0;320,87
0;327,87
0;330,87
0;337,87
0;340,87
0;347,87
0;350,87
0;357,87
1;360,73
1;367,73
1;379,73
1;384,73
0;388,87
1;391,73
0;398,87
1;403,73
1;415,73
0;427,87
0;437,87
0;439,87
0;447,87
0;449,87
0;457,87
0;459,87
0;468,87
0;469,87
0;478,87
2;479,37
2;488,37
2;491,37
1;492,73
2;499,37
1;222,72
1;226,72
2;240,36
0;242,86
1;246,72
1;253,72
0;258,86
2;266,36
0;267,86
1;271,72
1;273,72
2;278,36
2;279,36
0;281,86
2;289,36
0;290,86
0;296,86
0;298,86
2;305,36
1;326,72
0;338,86
0;339,86
2;350,36
1;351,72
0;379,86
0;403,86
1;430,72
1;435,72
1;488,72
0;222,85
2;227,35
2;231,35
2;234,35
1;239,71
1;240,71
1;248,71
1;256,71
0;267,85
2;275,35
0;278,85
0;279,85
0;281,85
0;285,85
0;287,85
1;290,71
0;294,85
0;295,85
0;298,85
0;299,85
0;301,85
0;304,85
0;310,85
0;313,85
0;320,85
0;323,85
0;330,85
0;332,85
0;340,85
0;342,85
0;350,85
0;352,85
0;360,85
0;362,85
0;370,85
0;372,85
0;379,85
1;382,71
1;390,71
2;398,35
2;406,35
1;408,71
1;414,71
0;415,85
0;435,85
0;438,85
0;445,85
0;448,85
2;450,35
2;452,35
2;455,35
1;466,71
1;485,71
1;494,71
2;223,34
1;226,70
0;233,84
2;249,34
1;253,70
2;254,34
0;255,84
0;264,84
0;268,84
1;271,70
0;273,84
0;274,84
0;279,84
0;280,84
0;282,84
0;287,84
0;291,84
0;297,84
1;299,70
1;307,70
0;320,84
0;323,84
0;324,84
2;332,34
1;334,70
1;358,70
0;363,84
1;373,70
1;387,70
1;445,70
2;446,34
2;453,34
0;470,84
1;211,69
2;212,33
0;222,83
0;229,83
1;234,69
2;238,33
0;249,83
0;253,83
2;267,33
1;268,69
1;270,69
1;271,69
0;275,83
0;283,83
2;287,33
0;292,83
0;293,83
0;294,83
1;295,69
0;296,83
0;301,83
0;319,83
0;323,83
0;327,83
1;329,69
0;337,83
0;349,83
0;353,83
0;467,83
0;468,83
0;477,83
0;478,83
0;228,82
0;233,82
1;240,68
2;241,32
2;254,32
0;257,82
1;259,68
1;263,68
1;268,68
0;271,82
1;272,68
0;274,82
0;277,82
0;285,82
0;287,82
0;290,82
0;299,82
1;300,68
0;309,82
0;313,82
0;314,82
0;322,82
0;323,82
1;355,68
0;357,82
2;220,31
2;221,31
0;222,81
0;225,81
2;227,31
2;231,31
1;238,67
1;241,67
1;250,67
2;257,31
1;261,67
0;265,81
0;273,81
0;275,81
1;277,67
0;279,81
0;283,81
0;290,81
0;292,81
0;316,81
1;317,67
1;326,67
2;335,31
0;341,81
1;350,67
1;361,67
1;364,67
0;367,81
0;374,81
0;377,81
0;385,81
0;387,81
0;406,81
1;408,67
1;416,67
0;430,81
1;215,66
2;218,30
0;222,80
0;223,80
2;229,30
0;230,80
0;239,80
0;253,80
0;255,80
0;262,80
1;264,66
0;271,80
2;276,30
1;288,66
0;293,80
1;296,66
0;298,80
0;310,80
1;312,66
0;320,80
0;355,80
0;371,80
2;408,30
0;411,80
1;417,66
0;425,80
2;428,30
0;432,80
0;444,80
1;447,66
0;450,80
0;456,80
0;463,80
0;466,80
0;467,80
0;468,80
0;473,80
0;223,79
2;231,29
0;261,79
2;263,29
2;265,29
2;266,29
1;268,65
0;269,79
0;270,79
0;279,79
0;281,79
1;282,65
1;285,65
1;287,65
1;291,65
0;302,79
0;304,79
1;305,65
1;309,65
1;310,65
1;311,65
1;312,65
0;313,79
0;314,79
0;316,79
0;322,79
0;324,79
0;332,79
0;336,79
0;342,79
0;346,79
2;350,29
1;356,65
2;372,29
1;395,65
0;396,79
0;397,79
1;410,65
2;412,29
0;419,79
1;425,65
0;429,79
0;431,79
1;434,65
0;439,79
0;470,79
2;472,29
2;478,29
0;481,79
1;217,64
2;226,28
2;230,28
0;234,78
1;237,64
1;254,64
0;258,78
0;265,78
1;270,64
1;272,64
1;273,64
1;274,64
0;276,78
0;282,78
0;284,78
2;288,28
2;289,28
2;291,28
1;295,64
1;297,64
0;299,78
0;308,78
2;313,28
0;318,78
1;322,64
0;326,78
1;334,64
0;336,78
1;347,64
1;349,64
0;353,78
0;357,78
0;372,78
0;375,78
1;384,64
1;385,64
1;403,64
1;409,64
0;423,78
1;427,64
0;441,78
0;458,78
0;478,78
0;479,78
0;218,77
2;220,27
2;227,27
0;231,77
1;234,63
2;236,27
1;254,63
0;257,77
2;260,27
1;265,63
0;272,77
1;275,63
0;278,77
0;291,77
0;292,77
0;299,77
0;307,77
0;310,77
0;317,77
0;320,77
0;327,77
0;330,77
0;337,77
0;340,77
2;347,27
0;350,77
1;367,63
0;388,77
1;391,63
0;398,77
0;407,77
1;415,63
0;417,77
2;467,27
2;468,27
0;471,77
2;488,27
0;495,77
1;217,62
2;220,26
0;242,76
0;258,76
0;267,76
1;274,62
1;281,62
0;285,76
1;286,62
0;289,76
0;290,76
0;291,76
0;295,76
0;296,76
0;298,76
0;299,76
0;338,76
0;339,76
1;379,62
1;389,62
1;421,62
1;430,62
1;435,62
0;443,76
1;454,62
1;456,62
0;467,76
1;212,61
0;222,75
1;230,61
1;249,61
1;256,61
0;267,75
2;273,25
0;278,75
0;281,75
1;285,61
0;287,75
0;289,75
1;294,61
0;301,75
0;303,75
1;305,61
0;309,75
1;310,61
1;314,61
0;318,75
0;319,75
0;322,75
0;328,75
0;332,75
1;334,61
1;342,61
2;355,25
1;358,61
2;359,25
1;366,61
0;379,75
0;380,75
0;398,75
0;408,75
1;415,61
0;418,75
0;419,75
0;425,75
0;428,75
0;429,75
0;455,75
1;485,61
2;219,24
1;228,60
1;230,60
0;233,74
2;243,24
0;255,74
1;264,60
0;268,74
1;271,60
0;273,74
0;280,74
0;282,74
0;287,74
0;288,74
0;289,74
0;291,74
0;297,74
0;298,74
0;299,74
0;303,74
1;309,60
0;313,74
0;320,74
0;324,74
0;363,74
1;420,60
1;423,60
2;447,24
2;458,24
0;470,74
1;216,59
2;222,23
2;224,23
1;229,59
2;233,23
1;238,59
0;239,73
0;256,73
1;259,59
1;263,59
0;267,73
1;268,59
1;275,59
1;282,59
2;287,23
1;290,59
0;291,73
0;292,73
0;294,73
0;296,73
0;299,73
0;301,73
1;303,59
1;306,59
1;314,59
0;319,73
0;323,73
1;330,59
0;338,73
0;348,73
0;349,73
2;353,23
1;354,59
0;358,73
0;363,73
1;368,59
0;373,73
0;378,73
0;383,73
0;392,73
0;393,73
0;402,73
0;403,73
2;467,23
2;468,23
2;473,23
1;488,59
1;495,59
0;228,72
0;233,72
1;239,58
1;262,58
0;267,72
1;269,58
2;271,22
0;274,72
0;285,72
0;290,72
0;297,72
0;299,72
2;307,22
0;309,72
1;313,58
1;314,58
0;322,72
1;331,58
1;333,58
1;337,58
1;338,58
0;348,72
0;355,72
0;358,72
0;365,72
0;368,72
0;375,72
0;378,72
0;388,72
1;389,58
1;398,58
1;410,58
1;422,58
0;434,72
2;444,22
2;446,22
1;478,58
1;215,57
2;222,21
2;224,21
0;225,71
2;230,21
1;233,57
2;262,21
2;265,21
0;273,71
1;274,57
0;275,71
1;277,57
0;279,71
1;282,57
0;283,71
0;286,71
0;290,71
0;296,71
1;299,57
1;302,57
0;316,71
1;322,57
2;323,21
2;325,21
0;326,71
0;336,71
0;341,71
0;367,71
0;374,71
0;377,71
2;383,21
0;387,71
0;406,71
0;430,71
0;490,71
2;211,20
0;212,70
2;217,20
0;223,70
0;230,70
2;232,20
0;249,70
0;253,70
0;255,70
1;259,56
2;262,20
1;270,56
0;271,70
1;272,56
0;283,70
1;290,56
1;292,56
0;298,70
1;299,56
0;300,70
0;303,70
0;306,70
0;313,70
0;322,70
0;324,70
0;332,70
1;334,56
2;342,20
0;355,70
2;358,20
1;363,56
0;371,70
2;397,20
2;402,20
1;411,56
1;418,56
0;425,70
1;432,56
2;435,20
0;444,70
0;450,70
1;457,56
1;462,56
0;463,70
0;467,70
0;468,70
0;471,70
0;473,70
0;476,70
1;223,55
2;232,19
2;239,19
0;247,69
1;248,55
1;250,55
1;255,55
0;261,69
0;269,69
0;270,69
0;279,69
0;281,69
0;302,69
1;304,55
1;311,55
0;313,69
1;315,55
0;316,69
0;322,69
0;328,69
0;332,69
1;334,55
1;335,55
0;336,69
0;338,69
1;339,55
0;342,69
0;346,69
0;348,69
0;396,69
0;397,69
0;419,69
0;429,69
0;431,69
0;439,69
0;470,69
1;481,55
0;492,69
1;214,54
1;223,54
0;234,68
2;240,18
1;241,54
0;248,68
0;266,68
0;272,68
2;275,18
0;284,68
2;286,18
1;290,54
1;295,54
1;297,54
0;299,68
1;301,54
1;314,54
0;325,68
0;326,68
0;328,68
0;332,68
2;336,18
2;342,18
0;353,68
0;357,68
1;372,54
0;375,68
0;382,68
2;387,18
0;392,68
0;399,68
1;408,54
1;409,54
2;423,18
1;432,54
0;447,68
2;451,18
2;457,18
0;458,68
0;478,68
0;479,68
2;483,18
1;489,54
0;218,67
0;231,67
1;234,53
1;237,53
1;256,53
2;257,17
0;267,67
1;272,53
2;278,17
0;282,67
1;288,53
1;291,53
0;299,67
0;302,67
1;304,53
0;307,67
2;320,17
2;324,17
2;334,17
1;335,53
0;338,67
1;339,53
1;347,53
1;355,53
1;360,53
1;363,53
0;371,67
1;380,53
1;381,53
0;387,67
0;388,67
0;394,67
0;397,67
0;398,67
0;405,67
1;406,53
1;415,53
1;427,53
1;439,53
2;451,17
2;463,17
1;471,53
2;479,17
0;490,67
2;212,16
2;214,16
2;219,16
1;231,52
0;242,66
1;243,52
2;255,16
0;258,66
0;279,66
1;285,52
0;290,66
0;296,66
0;298,66
1;302,52
1;315,52
1;324,52
0;338,66
0;348,66
1;349,52
1;358,52
1;363,52
0;365,66
0;373,66
1;375,52
0;382,66
0;384,66
1;394,52
0;407,66
2;416,16
1;418,52
1;421,52
2;423,16
2;441,16
1;442,52
1;443,52
1;446,52
1;453,52
0;466,66
0;480,66
1;483,52
0;490,66
0;222,65
1;242,51
1;250,51
1;258,51
2;263,15
0;264,65
0;267,65
0;274,65
0;278,65
0;279,65
0;281,65
0;284,65
0;288,65
0;294,65
1;297,51
0;298,65
0;299,65
1;304,51
0;308,65
0;311,65
0;313,65
0;322,65
0;325,65
0;328,65
0;329,65
0;332,65
0;335,65
0;339,65
0;345,65
0;349,65
0;355,65
1;359,51
2;365,15
1;372,51
0;379,65
0;380,65
1;383,51
0;388,65
0;412,65
0;419,65
0;422,65
0;429,65
0;431,65
0;435,65
0;438,65
0;445,65
0;448,65
2;454,15
2;458,15
1;478,51
0;480,65
2;485,15
0;490,65
2;218,14
2;219,14
1;220,50
1;224,50
0;233,64
2;247,14
2;249,14
2;254,14
0;255,64
0;268,64
0;270,64
1;271,50
0;282,64
2;283,14
2;287,14
2;288,14
1;289,50
0;290,64
0;295,64
1;301,50
0;305,64
0;313,64
0;315,64
0;320,64
0;324,64
2;330,14
2;334,14
2;343,14
2;347,14
2;351,14
0;358,64
1;373,50
1;379,50
1;390,50
0;394,64
0;397,64
0;403,64
0;404,64
0;411,64
0;413,64
0;421,64
0;423,64
0;431,64
0;433,64
0;441,64
0;443,64
0;451,64
1;453,50
1;461,50
0;470,64
2;477,14
1;485,50
2;214,13
1;239,49
1;242,49
2;249,13
0;255,63
0;256,63
1;260,49
1;261,49
0;264,63
0;265,63
0;267,63
0;276,63
1;278,49
0;288,63
2;291,13
0;292,63
0;294,63
0;296,63
1;300,49
1;303,49
1;310,49
0;319,63
2;323,13
0;324,63
1;327,49
0;333,63
0;338,63
1;343,49
2;348,13
0;349,63
1;360,49
0;363,63
1;368,49
1;373,49
1;378,49
1;379,49
1;383,49
1;384,49
0;388,63
0;397,63
0;398,63
0;402,63
0;403,63
2;427,13
0;439,63
1;449,49
2;471,13
2;474,13
0;492,63
0;216,62
2;220,12
1;222,48
0;228,62
0;233,62
2;246,12
1;250,48
1;253,48
0;263,62
0;267,62
1;270,48
1;271,48
1;276,48
0;284,62
0;285,62
2;290,12
1;299,48
0;306,62
2;307,12
0;316,62
1;319,48
0;322,62
1;343,48
2;348,12
0;351,62
0;355,62
1;361,48
0;365,62
0;398,62
1;430,48
0;434,62
1;435,48
2;488,12
0;225,61
1;239,47
1;240,47
1;248,47
1;256,47
2;273,11
0;275,61
0;279,61
1;286,47
1;293,47
0;300,61
0;306,61
0;314,61
1;317,47
1;324,47
1;333,47
0;346,61
1;348,47
2;351,11
2;356,11
0;357,61
0;372,61
0;374,61
1;390,47
1;397,47
1;408,47
1;411,47
1;414,47
1;421,47
0;430,61
0;435,61
2;466,11
2;485,11
2;494,11
0;212,60
1;216,46
2;217,10
0;220,60
0;223,60
1;226,46
0;249,60
0;255,60
1;263,46
2;276,10
0;277,60
0;280,60
1;281,46
1;283,46
1;290,46
0;293,60
2;295,10
0;298,60
1;299,46
0;300,60
1;305,46
0;306,60
0;314,60
1;322,46
1;323,46
2;329,10
2;331,10
0;336,60
2;342,10
1;347,46
1;365,46
1;373,46
0;381,60
0;382,60
1;387,46
0;392,60
0;425,60
1;443,46
1;444,46
1;445,46
1;454,46
1;460,46
1;463,46
0;471,60
0;476,60
0;477,60
0;483,60
1;484,46
1;493,46
1;211,45
2;216,9
1;234,45
0;247,59
1;261,45
2;263,9
1;268,45
2;269,9
2;280,9
0;281,59
1;285,45
1;289,45
1;294,45
1;302,45
0;309,59
0;312,59
1;316,45
1;318,45
0;323,59
0;328,59
0;333,59
0;336,59
0;338,59
0;342,59
0;343,59
0;346,59
0;348,59
0;396,59
0;397,59
1;419,45
0;431,59
2;449,9
2;452,9
0;470,59
0;492,59
2;234,8
1;240,44
1;244,44
0;248,58
1;259,44
1;263,44
0;266,58
2;282,8
1;284,44
1;292,44
1;296,44
0;299,58
1;300,44
1;308,44
0;316,58
2;320,8
1;325,44
0;328,58
0;335,58
1;336,44
0;345,58
2;349,8
0;353,58
0;357,58
0;360,58
0;370,58
0;375,58
0;379,58
0;382,58
0;389,58
0;392,58
0;447,58
0;458,58
0;478,58
0;479,58
1;217,43
0;218,57
2;222,7
2;223,7
0;231,57
2;234,7
1;238,43
1;250,43
1;261,43
2;265,7
0;267,57
0;282,57
0;299,57
1;301,43
1;302,43
0;307,57
2;312,7
1;317,43
0;338,57
1;361,43
0;364,57
0;371,57
1;372,43
0;387,57
0;394,57
2;396,7
0;397,57
0;405,57
1;416,43
2;432,7
2;443,7
2;456,7
1;481,43
0;490,57
2;492,7
1;215,42
2;217,6
2;218,6
2;224,6
0;242,56
0;258,56
2;264,6
1;265,42
2;279,6
0;290,56
0;298,56
1;306,42
0;320,56
2;324,6
1;325,42
0;336,56
1;338,42
0;339,56
1;346,42
1;358,42
2;362,6
0;365,56
1;370,42
0;373,56
0;392,56
0;402,56
2;407,6
0;412,56
2;441,6
1;447,42
1;456,42
0;466,56
0;222,55
1;225,41
2;249,5
2;264,5
0;267,55
2;278,5
0;279,55
1;281,41
0;282,55
1;287,41
1;299,41
0;304,55
2;306,5
1;310,41
0;312,55
0;313,55
0;314,55
1;315,41
1;318,41
0;321,55
0;323,55
0;325,55
0;329,55
0;331,55
0;336,55
0;341,55
0;346,55
2;351,5
2;359,5
2;365,5
2;366,5
2;379,5
0;388,55
0;390,55
1;395,41
0;400,55
1;411,41
1;412,41
0;426,55
0;431,55
1;432,41
2;438,5
2;449,5
2;455,5
1;456,41
0;498,55
1;217,40
2;218,4
1;225,40
1;226,40
0;233,54
1;237,40
1;249,40
1;250,40
1;254,40
0;255,54
1;261,40
1;268,40
0;272,54
2;278,4
0;280,54
0;286,54
1;294,40
0;298,54
1;300,40
0;308,54
0;313,54
2;319,4
0;320,54
1;322,40
1;325,40
2;333,4
1;347,40
2;368,4
2;372,4
2;373,4
2;379,4
2;384,4
1;385,40
0;394,54
0;397,54
0;398,54
0;404,54
0;409,54
2;411,4
0;419,54
2;428,4
0;429,54
2;444,4
2;445,4
2;451,4
2;453,4
0;461,54
0;470,54
1;488,40
2;491,4
2;219,3
2;220,3
2;226,3
2;227,3
2;231,3
1;234,39
1;254,39
0;255,53
0;264,53
0;266,53
0;267,53
1;273,39
2;279,3
1;288,39
1;290,39
1;292,39
0;294,53
0;296,53
2;297,3
1;298,39
0;299,53
0;302,53
0;309,53
0;314,53
2;329,3
2;334,3
2;338,3
2;343,3
2;348,3
0;350,53
0;357,53
1;359,39
1;360,39
0;363,53
1;383,39
1;384,39
2;388,3
1;389,39
1;394,39
1;397,39
1;398,39
1;402,39
0;406,53
0;408,53
0;412,53
0;416,53
0;448,53
0;449,53
0;458,53
2;459,3
1;468,39
1;481,39
0;216,52
0;217,52
2;221,2
0;228,52
2;233,2
2;241,2
0;242,52
1;243,38
1;252,38
1;263,38
2;273,2
1;274,38
1;276,38
1;277,38
1;281,38
0;284,52
0;285,52
0;286,52
0;293,52
0;296,52
0;300,52
0;302,52
1;303,38
1;312,38
0;322,52
0;326,52
2;327,2
2;333,2
2;351,2
1;355,38
1;361,38
0;375,52
1;387,38
1;389,38
0;393,52
0;398,52
1;421,38
1;430,38
1;434,38
1;435,38
1;444,38
1;454,38
1;456,38
0;458,52
1;212,37
2;221,1
0;225,51
0;229,51
1;230,37
1;232,37
0;239,51
0;273,51
1;275,37
2;279,1
2;280,1
2;283,1
2;292,1
1;294,37
0;299,51
1;300,37
1;305,37
2;306,1
1;316,37
1;338,37
1;339,37
0;342,51
0;343,51
0;346,51
0;353,51
0;357,51
0;362,51
1;366,37
0;374,51
1;415,37
0;430,51
0;435,51
2;478,1
2;485,1
2;0,0
2;60,0
2;120,0
2;180,0
0;212,50
2;220,0
2;221,0
0;223,50
1;228,36
1;240,36
0;249,50
2;254,0
0;255,50
0;261,50
0;277,50
2;288,0
0;290,50
0;293,50
1;295,36
0;298,50
0;300,50
0;306,50
0;309,50
0;323,50
1;324,36
0;336,50
2;365,0
0;382,50
2;383,0
2;391,0
0;392,50
1;420,36
2;423,0
0;425,50
2;443,0
1;447,36
0;451,50
2;460,0
0;461,50
1;469,36
0;471,50
0;476,50
0;477,50
1;216,35
1;229,35
2;238,-1
0;247,49
1;259,35
1;263,35
0;268,49
1;275,35
1;278,35
0;281,49
0;282,49
1;290,35
2;298,-1
0;302,49
1;303,35
0;309,49
1;314,35
2;323,-1
1;328,35
2;336,-1
1;342,35
0;353,49
0;356,49
1;363,35
0;368,49
1;383,35
0;387,49
1;392,35
0;406,49
0;431,49
0;470,49
2;488,-1
1;492,35
0;495,49
1;224,34
2;233,-2
2;235,-2
1;239,34
1;258,34
1;262,34
0;266,48
0;269,48
0;272,48
0;279,48
1;284,34
1;289,34
2;293,-2
0;299,48
1;308,34
1;314,34
0;316,48
0;328,48
0;331,48
0;333,48
0;335,48
2;338,-2
0;341,48
0;343,48
0;345,48
0;351,48
0;353,48
1;355,34
0;360,48
1;362,34
1;367,34
0;370,48
0;375,48
0;382,48
0;386,48
1;389,34
1;391,34
1;392,34
1;396,34
1;399,34
1;402,34
0;410,48
0;415,48
0;416,48
0;423,48
0;425,48
0;433,48
1;434,34
2;443,-2
2;446,-2
0;447,48
2;468,-2
0;479,48
2;488,-2
0;495,48
1;215,33
0;228,47
0;231,47
1;233,33
0;267,47
1;274,33
1;277,33
2;278,-3
1;292,33
1;298,33
1;302,33
0;306,47
0;307,47
1;309,33
0;323,47
1;346,33
1;348,33
0;364,47
1;370,33
0;371,47
2;372,-3
0;387,47
0;397,47
2;404,-3
0;405,47
0;412,47
0;422,47
1;464,33
2;472,-3
2;488,-3
1;490,33
0;493,47
2;227,-4
0;242,46
0;258,46
1;259,32
1;270,32
1;272,32
1;292,32
2;298,-4
1;299,32
1;300,32
0;308,46
1;314,32
0;318,46
0;320,46
0;324,46
0;328,46
0;336,46
0;339,46
1;363,32
0;365,46
0;373,46
2;392,-4
1;411,32
1;418,32
0;422,46
0;452,46
0;456,46
1;457,32
0;476,46
0;222,45
1;223,31
2;230,-5
2;242,-5
1;248,31
1;250,31
1;255,31
0;267,45
0;279,45
0;282,45
1;304,31
0;311,45
0;312,45
2;313,-5
0;325,45
1;329,31
0;333,45
1;334,31
0;336,45
0;339,45
0;343,45
0;346,45
0;349,45
0;351,45
0;352,45
0;361,45
0;362,45
0;363,45
0;364,45
1;371,31
0;374,45
0;388,45
0;390,45
0;395,45
0;400,45
0;405,45
0;412,45
0;415,45
0;422,45
0;425,45
0;426,45
0;431,45
2;481,-5
2;485,-5
0;498,45
0;214,44
1;223,30
0;233,44
2;238,-6
2;241,-6
2;255,-6
0;272,44
2;280,-6
1;284,30
0;286,44
1;295,30
1;297,30
0;308,44
0;313,44
0;315,44
1;320,30
0;330,44
2;338,-6
2;344,-6
1;372,30
2;394,-6
0;397,44
0;404,44
2;433,-6
2;439,-6
2;454,-6
2;456,-6
0;461,44
0;470,44
0;489,44
2;493,-6
2;213,-7
1;237,29
0;255,43
1;258,29
1;264,29
0;266,43
0;267,43
0;272,43
1;274,29
1;280,29
1;291,29
1;298,29
0;299,43
1;302,29
1;304,29
0;306,43
0;309,43
0;314,43
2;322,-7
1;326,29
1;335,29
1;339,29
1;347,29
1;355,29
0;357,43
1;373,29
1;380,29
1;381,29
1;382,29
1;384,29
0;387,43
1;406,29
0;412,43
1;415,29
0;418,43
1;426,29
1;427,29
0;428,43
0;438,43
1;439,29
0;449,43
1;450,29
1;454,29
0;468,43
0;471,43
2;472,-7
2;481,-7
0;495,43
0;216,42
0;217,42
1;218,28
1;231,28
1;238,28
1;243,28
0;252,42
2;278,-8
0;284,42
1;286,28
1;287,28
1;288,28
0;293,42
1;295,28
1;300,28
0;306,42
0;309,42
2;311,-8
1;315,28
0;316,42
0;322,42
0;326,42
2;338,-8
1;347,28
0;348,42
1;349,28
2;363,-8
1;382,28
1;385,28
0;387,42
0;393,42
1;394,28
1;397,28
0;399,42
0;406,42
0;408,42
2;416,-8
2;423,-8
0;443,42
2;445,-8
1;446,28
0;458,42
0;466,42
0;467,42
2;215,-9
1;218,27
0;225,41
0;229,41
2;237,-9
0;239,41
1;250,27
1;258,27
1;266,27
0;273,41
1;278,27
1;290,27
1;297,27
0;299,41
1;302,27
0;304,41
0;326,41
1;328,27
0;336,41
2;342,-9
1;343,27
2;356,-9
2;357,-9
1;359,27
2;361,-9
1;362,27
0;363,41
0;373,41
0;374,41
0;386,41
0;402,41
0;407,41
1;412,27
0;416,41
0;426,41
0;430,41
0;435,41
1;478,27
2;481,-9
2;490,-9
0;212,40
1;220,26
0;223,40
1;224,26
2;226,-10
0;237,40
2;247,-10
2;254,-10
2;255,-10
1;259,26
1;265,26
2;277,-10
0;283,40
1;287,26
0;290,40
1;295,26
1;297,26
0;298,40
0;300,40
0;301,40
0;303,40
0;306,40
0;307,40
0;315,40
0;317,40
0;323,40
0;327,40
0;333,40
0;336,40
0;343,40
0;348,40
2;353,-10
1;358,26
1;373,26
1;379,26
1;390,26
0;393,40
2;402,-10
0;403,40
1;408,26
1;420,26
0;425,40
0;432,40
0;442,40
2;444,-10
0;451,40
0;452,40
0;453,40
1;463,26
0;476,40
0;480,40
2;481,-10
0;490,40
2;225,-11
2;226,-11
1;239,25
1;242,25
0;247,39
1;253,25
1;260,25
1;261,25
1;268,25
1;277,25
1;281,25
0;282,39
0;291,39
0;292,39
0;300,39
0;302,39
0;303,39
0;305,39
0;309,39
2;315,-11
0;324,39
2;343,-11
1;351,25
2;353,-11
0;356,39
1;360,25
0;363,39
0;367,39
0;377,39
1;379,25
1;383,25
1;384,25
0;392,39
0;403,39
0;406,39
0;431,39
1;449,25
1;480,25
0;493,39
2;495,-11
1;222,24
2;225,-12
2;250,-12
1;253,24
1;266,24
1;268,24
0;269,38
1;270,24
1;271,24
1;272,24
0;274,38
0;279,38
0;282,38
0;284,38
0;290,38
0;294,38
1;296,24
1;304,24
0;309,38
0;310,38
0;316,38
0;323,38
0;328,38
0;331,38
0;335,38
1;341,24
0;345,38
0;360,38
2;363,-12
0;365,38
2;367,-12
0;370,38
0;382,38
0;386,38
0;410,38
1;415,24
0;416,38
0;427,38
1;430,24
0;437,38
0;439,38
0;443,38
0;449,38
0;453,38
2;457,-12
2;463,-12
0;479,38
0;495,38
1;214,23
2;225,-13
2;226,-13
0;231,37
1;239,23
1;240,23
1;248,23
1;256,23
0;267,37
2;274,-13
1;286,23
1;288,23
1;293,23
0;306,37
0;307,37
0;312,37
1;317,23
1;322,23
1;323,23
0;324,37
1;346,23
1;347,23
1;357,23
0;364,37
1;370,23
0;372,37
0;379,37
0;382,37
1;387,23
1;389,23
1;390,23
0;392,37
0;394,37
0;397,37
0;402,37
0;404,37
0;405,37
0;408,37
0;413,37
0;418,37
0;423,37
0;428,37
0;433,37
0;435,37
1;478,23
1;493,23
2;499,-13
0;216,36
2;223,-14
0;240,36
0;242,36
0;258,36
2;263,-14
0;281,36
1;283,22
1;287,22
2;290,-14
0;291,36
1;299,22
1;302,22
1;308,22
1;311,22
1;314,22
0;320,36
0;322,36
0;324,36
0;325,36
0;326,36
0;329,36
0;349,36
2;350,-14
1;359,22
1;361,22
2;362,-14
2;371,-14
1;375,22
1;387,22
0;389,36
1;397,22
2;410,-14
0;421,36
2;432,-14
1;443,22
0;444,36
1;445,22
0;452,36
0;456,36
0;460,36
0;463,36
0;468,36
0;473,36
0;476,36
0;483,36
2;487,-14
2;492,-14
1;211,21
2;221,-15
0;222,35
2;234,-15
1;253,21
0;258,35
1;261,21
1;267,21
2;279,-15
0;282,35
1;285,21
2;291,-15
0;292,35
0;311,35
0;312,35
0;316,35
0;325,35
0;333,35
2;336,-15
1;340,21
0;342,35
0;343,35
2;356,-15
1;359,21
0;363,35
1;371,21
1;372,21
2;383,-15
2;384,-15
1;388,21
1;398,21
1;410,21
1;416,21
1;419,21
0;422,35
0;426,35
1;431,21
0;434,35
0;435,35
0;440,35
1;441,21
1;443,21
0;445,35
0;465,35
0;467,35
0;475,35
1;477,21
1;485,21
0;494,35
1;498,21
0;214,34
2;215,-16
1;221,20
2;222,-16
0;233,34
0;234,34
1;240,20
1;245,20
1;259,20
1;263,20
2;268,-16
1;269,20
0;271,34
1;272,20
0;282,34
0;284,34
0;286,34
1;293,20
2;300,-16
0;308,34
0;313,34
1;315,20
1;316,20
1;317,20
0;320,34
1;324,20
0;328,34
0;331,34
0;332,34
0;336,34
0;338,34
0;339,34
0;342,34
0;346,34
0;352,34
0;356,34
0;362,34
0;366,34
0;372,34
0;376,34
1;382,20
0;386,34
0;396,34
0;397,34
0;404,34
0;461,34
2;468,-16
0;470,34
2;488,-16
0;489,34
2;217,-17
2;220,-17
1;221,19
1;238,19
1;241,19
0;245,33
1;250,19
1;261,19
0;266,33
0;267,33
0;272,33
0;277,33
2;281,-17
0;287,33
0;297,33
0;299,33
1;301,19
1;302,19
0;306,33
0;307,33
0;309,33
0;314,33
0;357,33
1;361,19
1;372,19
0;387,33
0;412,33
0;416,33
2;418,-17
1;426,19
0;440,33
2;448,-17
0;449,33
0;468,33
2;471,-17
0;478,33
1;487,19
1;495,19
1;215,18
0;216,32
0;217,32
2;221,-18
2;222,-18
2;242,-18
0;252,32
1;265,18
0;284,32
2;291,-18
2;293,-18
2;303,-18
0;309,32
0;322,32
1;325,18
1;330,18
0;336,32
0;338,32
0;353,32
0;354,32
0;362,32
0;364,32
0;372,32
0;374,32
0;384,32
0;387,32
0;393,32
0;399,32
0;406,32
0;408,32
0;443,32
1;456,18
0;458,32
0;466,32
1;471,18
1;477,18
1;495,18
0;219,31
0;235,31
1;236,17
0;245,31
1;255,17
2;260,-19
0;273,31
1;274,17
1;281,17
1;287,17
0;288,31
0;291,31
1;296,17
1;301,17
0;304,31
1;307,17
1;309,17
1;310,17
0;315,31
1;318,17
0;323,31
1;326,17
1;331,17
1;334,17
1;339,17
2;346,-19
1;348,17
1;350,17
2;351,-19
1;352,17
2;355,-19
1;358,17
1;367,17
0;376,31
1;382,17
1;383,17
1;384,17
1;391,17
1;395,17
2;396,-19
0;402,31
2;408,-19
1;416,17
2;417,-19
2;430,-19
2;445,-19
1;456,17
2;468,-19
2;477,-19
2;490,-19
0;212,30
1;217,16
2;223,-20
2;225,-20
0;226,30
2;228,-20
1;229,16
1;233,16
0;247,30
1;253,16
1;254,16
1;268,16
1;273,16
1;274,16
2;277,-20
2;287,-20
0;288,30
1;289,16
0;290,30
0;293,30
1;294,16
1;296,16
0;297,30
0;298,30
0;301,30
0;306,30
0;310,30
0;315,30
2;322,-20
2;323,-20
2;324,-20
2;325,-20
2;336,-20
2;338,-20
2;349,-20
2;353,-20
0;358,30
1;371,16
2;382,-20
1;383,16
1;384,16
0;393,30
1;395,16
0;396,30
0;406,30
1;408,16
0;419,30
0;425,30
0;428,30
1;429,16
1;438,16
0;451,30
1;479,16
1;480,16
1;483,16
1;486,16
0;488,30
0;491,30
0;498,30
2;219,-21
0;234,29
0;244,29
0;247,29
1;258,15
1;273,15
0;278,29
1;290,15
0;291,29
2;298,-21
0;300,29
1;303,15
0;305,29
0;309,29
1;313,15
1;316,15
2;322,-21
2;324,-21
0;327,29
1;334,15
2;340,-21
2;352,-21
0;356,29
2;359,-21
1;360,15
1;363,15
2;367,-21
1;373,15
2;382,-21
0;389,29
1;392,15
1;394,15
0;398,29
0;399,29
0;400,29
1;403,15
1;406,15
1;407,15
0;409,29
0;410,29
1;412,15
0;420,29
0;421,29
0;422,29
0;426,29
0;431,29
0;432,29
1;468,15
0;481,29
0;493,29
2;235,-22
1;243,14
2;252,-22
2;263,-22
0;269,28
0;277,28
0;279,28
1;281,14
0;282,28
0;290,28
2;293,-22
1;298,14
0;300,28
1;301,14
1;303,14
1;304,14
1;309,14
0;316,28
1;320,14
1;322,14
0;325,28
0;331,28
0;336,28
0;338,28
2;344,-22
1;348,14
2;360,-22
1;361,14
1;363,14
0;365,28
0;372,28
2;380,-22
0;386,28
1;389,14
1;392,14
0;404,28
1;410,14
0;411,28
1;414,14
1;423,14
1;426,14
1;427,14
0;430,28
1;435,14
2;438,-22
1;439,14
2;443,-22
2;444,-22
2;445,-22
2;450,-22
0;451,28
1;456,14
0;458,28
0;459,28
0;461,28
0;469,28
1;471,14
0;478,28
0;488,28
1;489,14
1;212,13
2;213,-23
1;230,13
0;231,27
1;232,13
2;250,-23
0;267,27
1;275,13
1;294,13
1;300,13
1;305,13
0;306,27
0;307,27
0;312,27
1;316,13
0;324,27
0;338,27
2;339,-23
2;348,-23
0;362,27
2;363,-23
0;364,27
1;366,13
2;379,-23
1;389,13
1;394,13
0;397,27
1;399,13
1;405,13
0;412,27
0;414,27
0;418,27
0;422,27
1;424,13
1;428,13
1;429,13
0;432,27
0;435,27
0;438,27
0;442,27
0;443,27
0;479,27
2;488,-23
0;489,27
2;491,-23
0;216,26
2;228,-24
1;240,12
1;242,12
2;250,-24
0;258,26
0;278,26
0;279,26
1;281,12
2;295,-24
0;300,26
1;301,12
0;319,26
0;320,26
0;322,26
2;334,-24
1;335,12
1;336,12
0;338,26
0;350,26
0;355,26
0;389,26
2;394,-24
0;410,26
0;421,26
1;447,12
0;452,26
1;456,12
0;460,26
1;463,12
0;466,26
0;468,26
1;469,12
2;480,-24
1;486,12
2;487,-24
1;493,12
1;216,11
0;222,25
1;227,11
2;229,-25
2;231,-25
2;234,-25
2;251,-25
0;253,25
1;258,11
1;259,11
0;268,25
0;289,25
1;290,11
1;303,11
0;312,25
1;314,11
0;316,25
2;321,-25
0;325,25
2;328,-25
2;333,-25
1;335,11
1;353,11
0;359,25
2;366,-25
1;369,11
0;373,25
1;377,11
0;381,25
0;387,25
0;388,25
0;391,25
0;392,25
0;397,25
0;402,25
0;406,25
1;412,11
0;422,25
0;434,25
2;435,-25
2;440,-25
1;452,11
0;458,25
0;465,25
0;466,25
0;467,25
1;468,11
0;475,25
2;494,-25
0;495,25
0;214,24
0;223,24
0;224,24
0;239,24
0;243,24
0;244,24
0;248,24
0;253,24
1;262,10
0;271,24
0;283,24
0;286,24
0;289,24
2;292,-26
2;293,-26
2;294,-26
0;299,24
1;308,10
0;318,24
0;320,24
1;323,10
0;331,24
0;336,24
0;338,24
0;339,24
0;346,24
0;347,24
0;352,24
2;353,-26
2;354,-26
2;355,-26
1;356,10
0;357,24
0;379,24
1;380,10
0;382,24
2;386,-26
0;392,24
1;396,10
0;397,24
1;399,10
0;406,24
2;426,-26
1;434,10
2;453,-26
0;461,24
0;470,24
2;486,-26
0;489,24
2;212,-27
1;215,9
1;233,9
0;238,23
0;245,23
1;248,9
0;266,23
1;274,9
1;277,9
1;282,9
2;287,-27
0;292,23
1;299,9
0;309,23
0;314,23
0;317,23
0;322,23
0;323,23
2;326,-27
1;332,9
0;346,23
1;348,9
0;357,23
0;386,23
0;387,23
2;394,-27
1;396,9
0;412,23
1;416,9
1;420,9
1;426,9
1;444,9
0;449,23
0;454,23
0;490,23
0;216,22
0;217,22
2;241,-28
0;252,22
0;254,22
1;259,8
0;264,22
1;270,8
1;272,8
0;274,22
1;292,8
1;294,8
1;299,8
1;300,8
0;309,22
2;318,-28
0;322,22
0;336,22
1;348,8
1;353,8
1;354,8
0;362,22
0;377,22
0;382,22
0;387,22
2;392,-28
1;393,8
1;394,8
0;399,22
1;403,8
0;406,22
0;408,22
1;411,8
0;417,22
0;442,22
0;443,22
1;457,8
0;458,22
0;466,22
0;219,21
2;220,-29
0;221,21
1;223,7
2;227,-29
0;235,21
2;245,-29
1;248,7
1;250,7
1;257,7
0;273,21
2;279,-29
0;288,21
2;301,-29
0;305,21
2;314,-29
2;317,-29
0;323,21
0;325,21
2;328,-29
0;329,21
1;334,7
1;353,7
0;361,21
0;374,21
0;376,21
1;384,7
0;388,21
0;398,21
0;402,21
0;212,20
2;218,-30
0;223,20
0;226,20
2;229,-30
1;233,6
2;276,-30
2;284,-30
0;288,20
0;290,20
0;293,20
0;295,20
0;298,20
0;301,20
1;305,6
0;306,20
1;307,6
1;308,6
0;310,20
0;315,20
0;319,20
0;320,20
0;321,20
2;330,-30
2;332,-30
0;358,20
2;372,-30
1;390,6
1;392,6
0;393,20
1;408,6
1;414,6
0;419,20
0;425,20
0;451,20
2;468,-30
2;491,-30
2;231,-31
1;234,5
1;237,5
0;247,19
1;254,5
2;263,-31
0;264,19
0;265,19
1;266,5
0;275,19
0;280,19
0;282,19
1;285,5
1;292,5
0;300,19
1;301,5
1;302,5
1;305,5
2;316,-31
2;319,-31
2;322,-31
1;327,5
1;328,5
0;329,19
1;335,5
0;337,19
1;351,5
2;352,-31
2;355,-31
0;356,19
0;363,19
0;371,19
2;372,-31
1;375,5
2;376,-31
1;380,5
1;384,5
0;389,19
1;397,5
1;398,5
0;400,19
1;405,5
1;408,5
0;419,19
2;427,-31
0;432,19
0;441,19
2;454,-31
1;463,5
2;474,-31
0;481,19
0;493,19
1;218,4
2;226,-32
2;230,-32
1;231,4
1;238,4
1;243,4
2;269,-32
1;277,4
0;282,18
0;286,18
0;290,18
1;291,4
1;295,4
0;296,18
0;301,18
2;306,-32
1;312,4
1;313,4
0;316,18
1;324,4
0;325,18
0;329,18
0;331,18
0;337,18
2;338,-32
0;346,18
1;348,4
0;351,18
0;356,18
0;361,18
0;365,18
0;385,18
0;386,18
0;394,18
1;395,4
1;397,4
2;398,-32
2;406,-32
0;409,18
0;411,18
1;414,4
2;418,-32
0;430,18
2;438,-32
1;446,4
0;451,18
0;459,18
0;461,18
1;466,4
1;468,4
0;469,18
2;490,-32
2;492,-32
2;218,-33
2;220,-33
2;227,-33
0;231,17
1;236,3
1;242,3
1;250,3
1;258,3
0;267,17
0;296,17
1;297,3
0;307,17
0;312,17
0;314,17
0;316,17
2;320,-33
1;328,3
1;334,3
2;338,-33
1;343,3
1;347,3
0;348,17
1;359,3
0;364,17
0;371,17
1;372,3
1;380,3
0;381,17
0;386,17
1;391,3
1;397,3
0;398,17
0;404,17
0;408,17
0;415,17
1;421,3
1;424,3
0;425,17
1;428,3
1;436,3
0;438,17
0;443,17
1;448,3
2;460,-33
2;467,-33
0;468,17
2;472,-33
2;479,-33
1;488,3
1;499,3
0;216,16
1;224,2
2;244,-34
0;258,16
1;259,2
1;265,2
0;278,16
0;279,16
1;280,2
0;287,16
2;295,-34
0;300,16
0;311,16
0;320,16
0;322,16
1;329,2
0;338,16
0;350,16
0;353,16
1;358,2
0;363,16
1;365,2
1;379,2
1;390,2
2;397,-34
0;399,16
1;408,2
1;409,2
1;410,2
0;421,16
1;433,2
0;434,16
0;452,16
0;460,16
1;463,2
0;466,16
0;468,16
0;222,15
1;239,1
1;242,1
1;260,1
2;261,-35
0;263,15
1;278,1
1;281,1
1;285,1
1;289,1
0;292,15
0;299,15
0;301,15
0;311,15
0;312,15
0;313,15
0;316,15
0;323,15
0;325,15
1;351,1
2;355,-35
2;360,-35
0;369,15
2;373,-35
2;381,-35
1;387,1
1;388,1
2;392,-35
2;398,-35
0;401,15
1;403,1
0;406,15
1;408,1
1;419,1
1;420,1
0;422,15
1;427,1
1;432,1
0;433,15
2;434,-35
0;441,15
1;449,1
1;452,1
1;456,1
0;465,15
1;466,1
0;467,15
1;468,1
0;475,15
0;490,15
0;492,15
0;494,15
0;495,15
0;214,14
2;219,-36
1;222,0
0;223,14
0;224,14
0;239,14
0;244,14
2;248,-36
0;253,14
0;258,14
1;266,0
2;270,-36
2;272,-36
2;277,-36
1;281,0
1;283,0
0;286,14
0;289,14
1;292,0
0;293,14
0;294,14
0;295,14
0;299,14
0;307,14
0;308,14
0;316,14
1;317,0
0;326,14
0;331,14
0;332,14
0;337,14
1;338,0
0;339,14
0;342,14
0;348,14
2;356,-36
1;358,0
1;365,0
2;367,-36
2;379,-36
0;397,14
2;402,-36
1;406,0
2;415,-36
0;427,14
0;437,14
2;454,-36
2;458,-36
0;461,14
2;462,-36
2;470,-36
2;475,-36
2;480,-36
0;489,14
0;214,13
2;222,-37
2;233,-37
2;239,-37
1;240,-1
0;245,13
0;256,13
1;263,-1
1;272,-1
0;276,13
1;280,-1
1;284,-1
1;288,-1
0;292,13
1;293,-1
1;296,-1
0;299,13
2;304,-37
1;308,-1
0;310,13
0;314,13
1;319,-1
0;327,13
0;333,13
2;337,-37
1;341,-1
0;346,13
1;347,-1
1;353,-1
0;364,13
1;365,-1
0;367,13
0;374,13
0;381,13
0;384,13
0;386,13
0;390,13
0;391,13
1;400,-1
0;401,13
0;412,13
0;414,13
1;449,-1
0;454,13
2;459,-37
2;467,-37
0;468,13
0;490,13
0;493,13
0;216,12
0;217,12
0;252,12
1;254,-2
2;271,-38
1;278,-2
2;283,-38
1;284,-2
1;287,-2
2;299,-38
0;309,12
1;311,-2
1;314,-2
1;322,-2
0;323,12
0;326,12
0;333,12
1;361,-2
2;362,-38
2;367,-38
0;372,12
1;375,-2
0;377,12
1;383,-2
0;392,12
0;399,12
0;402,12
0;406,12
0;407,12
0;408,12
0;411,12
0;412,12
0;442,12
1;444,-2
1;445,-2
1;446,-2
1;453,-2
1;458,-2
0;466,12
0;467,12
0;470,12
0;480,12
0;482,12
0;490,12
0;492,12
2;211,-39
0;219,11
0;221,11
2;222,-39
2;224,-39
2;230,-39
0;245,11
2;253,-39
0;255,11
0;261,11
1;262,-3
0;267,11
0;273,11
2;286,-39
0;288,11
1;291,-3
2;305,-39
1;309,-3
1;313,-3
1;322,-3
0;325,11
0;329,11
2;337,-39
1;340,-3
1;359,-3
1;361,-3
2;365,-39
1;372,-3
0;374,11
0;376,11
2;395,-39
1;397,-3
0;398,11
0;402,11
1;410,-3
0;412,11
1;416,-3
1;419,-3
1;421,-3
0;425,11
0;431,11
0;435,11
0;465,11
0;467,11
0;475,11
0;498,11
0;211,10
0;212,10
2;217,-40
0;223,10
0;226,10
0;232,10
1;240,-4
1;242,-4
0;259,10
0;262,10
1;263,-4
1;266,-4
1;269,-4
2;271,-40
0;283,10
1;288,-4
1;292,-4
0;293,10
0;295,10
0;296,10
0;300,10
1;301,-4
2;308,-40
0;311,10
1;312,-4
0;316,10
0;319,10
0;322,10
1;324,-4
0;326,10
0;330,10
0;332,10
0;339,10
0;341,10
0;349,10
2;351,-40
2;359,-40
1;382,-4
0;393,10
2;397,-40
1;411,-4
2;418,-40
0;425,10
2;429,-40
0;451,10
2;462,-40
1;478,-4
2;489,-40
1;495,-4
1;221,-5
2;232,-41
1;238,-5
2;239,-41
2;241,-41
2;247,-41
1;250,-5
1;257,-5
0;261,9
0;264,9
0;271,9
0;280,9
0;282,9
0;300,9
2;302,-41
2;307,-41
2;325,-41
2;326,-41
0;329,9
0;337,9
0;356,9
2;361,-41
0;362,9
0;363,9
2;367,-41
0;371,9
0;386,9
0;389,9
0;400,9
0;419,9
0;421,9
0;426,9
1;427,-5
0;431,9
1;432,-5
1;436,-5
1;442,-5
0;450,9
0;456,9
0;481,9
1;487,-5
0;493,9
1;495,-5
1;215,-6
2;240,-42
0;265,8
0;282,8
2;289,-42
0;290,8
0;301,8
0;306,8
0;326,8
0;329,8
1;330,-6
0;331,8
0;337,8
0;342,8
2;351,-42
2;352,-42
0;365,8
2;366,-42
1;371,-6
2;385,-42
2;386,-42
0;387,8
0;394,8
2;397,-42
0;402,8
0;409,8
1;421,-6
1;423,-6
1;426,-6
0;430,8
0;446,8
2;450,-42
2;459,-42
2;477,-42
0;479,8
2;480,-42
1;489,-6
0;231,7
1;236,-7
1;255,-7
1;257,-7
0;267,7
1;274,-7
0;278,7
1;287,-7
0;288,7
2;298,-43
1;301,-7
1;305,-7
0;306,7
1;309,-7
1;310,-7
0;312,7
1;314,-7
1;318,-7
0;329,7
0;352,7
1;355,-7
0;362,7
1;363,-7
1;364,-7
0;367,7
1;371,-7
0;376,7
0;377,7
1;379,-7
1;380,-7
1;383,-7
0;388,7
0;391,7
0;394,7
0;396,7
1;401,-7
0;403,7
0;404,7
0;408,7
1;413,-7
1;416,-7
1;419,-7
0;425,7
2;437,-43
0;438,7
1;451,-7
0;453,7
1;456,-7
0;468,7
0;475,7
2;479,-43
1;485,-7
1;497,-7
2;212,-44
2;214,-44
0;216,6
1;217,-8
0;219,6
1;233,-8
0;254,6
2;255,-44
0;258,6
0;264,6
1;268,-8
1;273,-8
0;277,6
0;288,6
1;294,-8
1;296,-8
1;297,-8
0;300,6
2;311,-44
0;313,6
0;320,6
0;322,6
2;323,-44
0;338,6
2;350,-44
0;353,6
1;360,-8
0;363,6
1;399,-8
1;407,-8
0;409,6
2;410,-44
2;416,-44
1;421,-8
1;429,-8
1;432,-8
0;434,6
1;438,-8
2;441,-44
1;445,-8
1;452,-8
0;456,6
0;460,6
1;462,-8
0;468,6
0;469,6
0;470,6
0;222,5
1;258,-9
1;290,-9
0;292,5
2;297,-45
0;299,5
1;301,-9
1;303,-9
0;312,5
1;321,-9
1;323,-9
1;326,-9
2;333,-45
1;334,-9
0;335,5
0;337,5
0;340,5
2;357,-45
1;360,-9
0;363,5
2;365,-45
1;369,-9
1;379,-9
0;387,5
2;392,-45
1;394,-9
0;401,5
1;407,-9
1;412,-9
2;417,-45
0;422,5
1;427,-9
1;430,-9
1;433,-9
1;441,-9
1;443,-9
2;452,-45
2;457,-45
0;458,5
2;490,-45
0;494,5
0;495,5
2;214,-46
2;218,-46
1;219,-10
0;223,4
0;234,4
2;239,-46
1;247,-10
2;253,-46
0;258,4
1;263,-10
1;267,-10
0;271,4
1;274,-10
0;279,4
0;283,4
0;286,4
0;288,4
0;291,4
0;294,4
2;295,-46
2;298,-46
0;299,4
0;304,4
1;308,-10
1;313,-10
1;316,-10
0;317,4
0;318,4
0;320,4
2;325,-46
0;331,4
1;333,-10
1;334,-10
0;336,4
1;339,-10
1;340,-10
1;344,-10
0;347,4
0;348,4
1;349,-10
0;351,4
0;352,4
1;355,-10
0;362,4
0;364,4
1;368,-10
1;373,-10
0;374,4
0;379,4
0;384,4
1;387,-10
1;390,-10
1;403,-10
1;410,-10
1;413,-10
0;416,4
0;423,4
0;427,4
0;433,4
1;435,-10
1;438,-10
1;439,-10
1;443,-10
0;450,4
0;451,4
1;456,-10
1;460,-10
1;462,-10
0;467,4
1;484,-10
1;486,-10
0;495,4
0;499,4
1;212,-11
2;224,-47
1;230,-11
2;232,-47
0;245,3
2;249,-47
2;266,-47
0;274,3
1;275,-11
0;276,3
2;291,-47
2;294,-47
0;299,3
0;300,3
1;302,-11
1;305,-11
1;314,-11
2;316,-47
2;318,-47
0;320,3
2;323,-47
1;327,-11
1;330,-11
0;333,3
1;337,-11
0;338,3
1;340,-11
0;346,3
0;351,3
0;366,3
0;367,3
1;378,-11
1;381,-11
0;386,3
0;389,3
1;400,-11
0;402,3
1;408,-11
1;411,-11
0;413,3
0;414,3
0;418,3
0;422,3
2;427,-47
2;435,-47
2;448,-47
2;452,-47
2;453,-47
0;454,3
0;468,3
0;471,3
2;474,-47
1;481,-11
0;490,3
0;493,3
1;495,-11
0;216,2
0;217,2
2;220,-48
1;240,-12
1;242,-12
2;246,-48
0;252,2
1;281,-12
2;290,-48
1;301,-12
1;307,-12
0;309,2
1;323,-12
0;326,2
1;331,-12
1;335,-12
1;336,-12
2;343,-48
2;347,-48
1;348,-12
1;355,-12
0;367,2
1;379,-12
1;382,-12
1;387,-12
1;392,-12
0;399,2
0;417,2
0;418,2
0;421,2
1;422,-12
1;427,-12
1;428,-12
1;431,-12
2;442,-48
0;446,2
1;447,-12
1;451,-12
1;455,-12
1;463,-12
0;466,2
0;467,2
0;469,2
0;470,2
0;475,2
0;482,2
1;485,-12
2;486,-48
1;488,-12
0;492,2
1;216,-13
0;219,1
0;221,1
1;227,-13
2;245,-49
1;258,-13
2;259,-49
0;261,1
1;265,-13
0;267,1
0;288,1
2;289,-49
1;290,-13
1;303,-13
2;305,-49
1;314,-13
1;319,-13
1;325,-13
0;329,1
0;333,1
1;351,-13
1;353,-13
0;356,1
0;359,1
0;365,1
0;366,1
0;374,1
1;377,-13
2;386,-49
1;393,-13
1;398,-13
0;402,1
2;408,-49
1;411,-13
2;416,-49
1;417,-13
0;425,1
2;431,-49
0;436,1
0;445,1
1;452,-13
0;455,1
0;466,1
0;467,1
1;491,-13
2;492,-49
0;494,1
0;498,1
0;211,0
0;212,0
2;217,-50
0;223,0
0;226,0
0;232,0
0;259,0
1;272,-14
1;276,-14
0;283,0
1;286,-14
0;293,0
1;305,-14
1;306,-14
1;308,-14
0;311,0
0;316,0
0;319,0
1;322,-14
1;323,-14
1;326,-14
1;331,-14
0;339,0
0;340,0
0;341,0
0;346,0
0;349,0
1;389,-14
2;391,-50
0;393,0
0;396,0
1;399,-14
1;402,-14
0;404,0
1;406,-14
1;413,-14
0;414,0
0;420,0
0;424,0
0;425,0
0;426,0
0;436,0
1;437,-14
1;446,-14
0;458,0
0;468,0
0;470,0
0;478,0
0;480,0
1;488,-14
0;490,0
1;215,-15
2;216,-51
2;233,-51
1;248,-15
1;257,-15
1;261,-15
1;263,-15
1;264,-15
1;269,-15
1;277,-15
1;285,-15
0;287,-1
0;288,-1
1;290,-15
1;292,-15
0;297,-1
0;299,-1
0;300,-1
0;306,-1
0;307,-1
0;314,-1
0;317,-1
1;324,-15
0;327,-1
1;332,-15
1;339,-15
2;340,-51
1;347,-15
0;356,-1
1;362,-15
2;373,-51
2;381,-51
0;389,-1
2;410,-51
2;416,-51
0;419,-1
1;421,-15
2;433,-51
1;436,-15
2;440,-51
1;445,-15
0;449,-1
1;452,-15
0;456,-1
0;459,-1
1;468,-15
1;470,-15
0;481,-1
2;492,-51
0;494,-1
2;234,-52
1;259,-16
0;265,-2
2;270,-52
1;272,-16
2;290,-52
1;299,-16
0;301,-2
2;306,-52
1;318,-16
0;320,-2
1;324,-16
0;326,-2
1;329,-16
0;331,-2
0;337,-2
0;339,-2
0;342,-2
2;350,-52
1;354,-16
0;365,-2
1;366,-16
2;372,-52
2;377,-52
0;380,-2
0;387,-2
0;393,-2
0;402,-2
1;404,-16
2;410,-52
1;411,-16
0;417,-2
0;418,-2
0;419,-2
2;429,-52
1;430,-16
0;432,-2
0;437,-2
1;440,-16
1;442,-16
1;446,-16
0;447,-2
0;454,-2
0;456,-2
0;479,-2
2;481,-52
1;489,-16
2;222,-53
2;231,-53
2;234,-53
1;241,-17
2;247,-53
1;248,-17
1;250,-17
0;257,-3
1;277,-17
0;278,-3
0;281,-3
1;283,-17
0;288,-3
1;301,-17
0;306,-3
1;322,-17
1;329,-17
1;334,-17
2;339,-53
2;346,-53
1;352,-17
1;367,-17
0;377,-3
2;384,-53
2;386,-53
0;388,-3
2;394,-53
1;399,-17
1;401,-17
0;403,-3
1;414,-17
1;418,-17
0;423,-3
0;432,-3
0;433,-3
0;435,-3
0;444,-3
2;445,-53
2;446,-53
2;448,-53
0;453,-3
0;468,-3
0;475,-3
0;216,-4
2;217,-54
2;218,-54
0;219,-4
2;224,-54
1;233,-18
0;254,-4
0;258,-4
1;274,-18
0;277,-4
0;279,-4
1;288,-18
1;289,-18
0;300,-4
1;305,-18
1;307,-18
1;308,-18
0;312,-4
0;320,-4
0;323,-4
2;332,-54
0;333,-4
0;338,-4
1;339,-18
0;343,-4
2;362,-54
0;363,-4
2;384,-54
0;390,-4
1;400,-18
1;407,-18
1;408,-18
0;409,-4
1;416,-18
0;424,-4
0;431,-4
0;438,-4
0;440,-4
2;448,-54
0;450,-4
0;456,-4
0;467,-4
0;468,-4
0;469,-4
0;477,-4
2;480,-54
1;487,-18
0;222,-5
1;234,-19
1;237,-19
2;249,-55
0;254,-5
2;266,-55
1;285,-19
0;290,-5
0;299,-5
1;300,-19
1;301,-19
1;305,-19
0;306,-5
0;312,-5
1;327,-19
0;328,-5
0;337,-5
0;340,-5
2;345,-55
1;352,-19
0;363,-5
1;365,-19
1;376,-19
1;379,-19
1;380,-19
1;384,-19
1;387,-19
0;389,-5
0;398,-5
2;400,-55
1;401,-19
0;403,-5
0;411,-5
0;413,-5
0;419,-5
0;423,-5
0;426,-5
0;433,-5
1;436,-19
0;438,-5
0;439,-5
0;443,-5
0;448,-5
0;453,-5
2;455,-55
2;468,-55
2;487,-55
0;494,-5
0;495,-5
0;498,-5
2;223,-56
1;231,-20
0;233,-6
0;234,-6
1;238,-20
2;242,-56
0;258,-6
0;267,-6
0;271,-6
0;279,-6
0;286,-6
0;288,-6
0;293,-6
1;294,-20
0;295,-6
2;299,-56
0;302,-6
0;303,-6
0;305,-6
1;309,-20
0;314,-6
0;317,-6
0;320,-6
1;328,-20
0;331,-6
0;337,-6
0;338,-6
1;346,-20
2;351,-56
1;357,-20
0;358,-6
1;359,-20
1;361,-20
0;364,-6
1;370,-20
1;372,-20
1;373,-20
0;374,-6
0;379,-6
0;381,-6
0;383,-6
0;385,-6
0;391,-6
0;396,-6
0;401,-6
2;406,-56
0;411,-6
1;414,-20
0;416,-6
1;419,-20
0;423,-6
0;427,-6
1;432,-20
1;439,-20
0;445,-6
0;446,-6
0;450,-6
0;453,-6
2;455,-56
0;461,-6
0;467,-6
0;468,-6
2;470,-56
0;478,-6
2;490,-56
0;491,-6
0;492,-6
0;495,-6
0;499,-6
2;219,-57
2;220,-57
1;226,-21
2;227,-57
1;231,-21
1;236,-21
1;242,-21
2;245,-57
1;258,-21
2;276,-57
2;279,-57
2;284,-57
2;291,-57
1;299,-21
0;300,-7
1;305,-21
2;309,-57
0;320,-7
2;321,-57
0;323,-7
1;328,-21
0;336,-7
1;343,-21
1;344,-21
0;347,-7
0;356,-7
0;358,-7
0;359,-7
0;361,-7
0;367,-7
2;372,-57
0;376,-7
2;380,-57
0;381,-7
2;383,-57
1;388,-21
1;394,-21
1;397,-21
0;398,-7
1;399,-21
0;402,-7
0;403,-7
0;404,-7
0;412,-7
2;415,-57
1;421,-21
1;436,-21
2;440,-57
2;443,-57
1;448,-21
2;452,-57
0;454,-7
1;459,-21
0;468,-7
0;471,-7
0;475,-7
2;483,-57
1;485,-21
2;488,-57
2;490,-57
2;493,-57
0;499,-7
0;216,-8
0;217,-8
2;221,-58
1;224,-22
2;233,-58
2;241,-58
0;252,-8
1;259,-22
1;265,-22
1;273,-22
1;280,-22
2;297,-58
0;309,-8
0;326,-8
0;327,-8
1;329,-22
2;337,-58
2;351,-58
0;357,-8
1;358,-22
1;365,-22
0;377,-8
2;379,-58
1;390,-22
0;393,-8
0;397,-8
1;399,-22
0;407,-8
1;408,-22
1;410,-22
0;418,-8
0;421,-8
1;423,-22
0;427,-8
0;437,-8
2;439,-58
0;446,-8
2;457,-58
2;463,-58
0;466,-8
0;467,-8
0;469,-8
0;470,-8
0;475,-8
1;482,-22
1;487,-22
0;499,-8
0;219,-9
1;231,-23
1;239,-23
1;242,-23
1;255,-23
2;260,-59
0;261,-9
0;267,-9
0;278,-9
2;280,-59
0;283,-9
1;284,-23
1;285,-23
1;289,-23
0;292,-9
1;293,-23
0;298,-9
0;305,-9
1;306,-23
1;315,-23
1;317,-23
0;320,-9
0;329,-9
1;333,-23
0;341,-9
1;352,-23
0;356,-9
0;357,-9
0;359,-9
1;365,-23
0;367,-9
0;374,-9
0;377,-9
0;388,-9
2;389,-59
0;398,-9
1;402,-23
1;403,-23
1;411,-23
1;419,-23
1;420,-23
0;425,-9
0;426,-9
0;427,-9
0;435,-9
0;437,-9
0;446,-9
2;447,-59
2;451,-59
2;452,-59
2;456,-59
2;465,-59
0;467,-9
0;468,-9
2;473,-59
0;480,-9
1;485,-23
0;492,-9
0;494,-9
0;498,-9
