3439
0;-2,0
2;54,0
1;67,0
2;76,0
1;86,0
2;84,0
2;96,0
2;98,0
2;106,0
2;108,0
2;110,0
2;116,0
2;118,0
2;120,0
1;126,0
2;128,0
1;132,0
2;130,0
2;132,0
1;138,0
2;138,0
2;148,0
0;164,0
2;169,0
2;170,0
2;179,0
2;184,0
1;190,0
1;191,0
2;191,0
0;196,0
2;198,0
2;203,0
2;207,0
2;216,0
2;220,0
2;225,0
2;230,0
1;236,0
1;237,0
0;242,0
1;242,0
2;240,0
2;242,0
1;246,0
2;246,0
2;253,0
2;257,0
2;258,0
2;262,0
2;264,0
2;268,0
1;278,0
2;284,0
2;290,0
2;291,0
1;297,0
2;306,0
2;312,0
1;324,0
1;325,0
1;330,0
2;334,0
0;345,0
2;343,0
2;356,0
0;363,0
0;364,0
2;367,0
0;378,0
2;379,0
2;389,0
1;66,1
1;67,1
2;75,1
2;76,1
1;86,1
2;85,1
1;106,1
2;105,1
2;106,1
2;107,1
2;115,1
1;121,1
2;119,1
0;124,1
1;127,1
2;130,1
2;131,1
2;132,1
1;137,1
1;138,1
2;136,1
2;137,1
2;138,1
2;140,1
2;144,1
2;148,1
2;149,1
2;151,1
2;152,1
2;153,1
2;162,1
1;167,1
0;170,1
2;169,1
2;173,1
2;181,1
2;182,1
2;183,1
2;191,1
1;195,1
2;195,1
1;203,1
1;204,1
2;203,1
2;208,1
1;215,1
2;217,1
2;224,1
2;228,1
2;229,1
2;230,1
2;231,1
2;237,1
1;241,1
1;242,1
2;242,1
1;247,1
2;246,1
2;250,1
2;254,1
2;257,1
2;258,1
1;264,1
2;262,1
2;264,1
2;267,1
2;272,1
2;275,1
2;279,1
2;283,1
2;287,1
1;293,1
1;295,1
1;296,1
1;297,1
1;298,1
2;296,1
2;297,1
2;301,1
2;306,1
2;307,1
2;312,1
2;318,1
2;319,1
1;326,1
1;329,1
0;331,1
2;333,1
2;338,1
2;342,1
2;344,1
2;347,1
1;354,1
0;360,1
0;364,1
1;369,1
0;372,1
0;379,1
0;382,1
1;386,1
0;392,1
0;393,1
2;53,2
2;54,2
2;62,2
1;66,2
2;64,2
1;68,2
0;99,2
0;101,2
2;103,2
0;109,2
2;106,2
1;111,2
1;112,2
0;115,2
2;115,2
1;124,2
1;129,2
1;130,2
1;133,2
1;134,2
0;136,2
0;138,2
2;136,2
2;144,2
2;147,2
2;148,2
1;160,2
1;168,2
1;171,2
0;175,2
0;176,2
0;177,2
1;177,2
1;178,2
0;180,2
2;183,2
2;189,2
1;194,2
1;196,2
1;198,2
2;196,2
2;198,2
1;202,2
0;210,2
2;210,2
0;215,2
2;212,2
2;214,2
2;220,2
2;222,2
2;223,2
2;224,2
1;228,2
1;229,2
2;232,2
2;236,2
0;241,2
0;242,2
2;242,2
0;250,2
2;251,2
2;253,2
1;262,2
2;261,2
1;265,2
0;274,2
1;276,2
2;274,2
0;280,2
0;281,2
0;282,2
2;283,2
2;285,2
2;288,2
2;290,2
1;300,2
0;306,2
0;308,2
2;308,2
2;315,2
1;320,2
1;322,2
1;323,2
1;325,2
0;330,2
0;332,2
0;334,2
2;337,2
2;340,2
2;343,2
2;344,2
0;350,2
0;357,2
1;359,2
0;364,2
0;371,2
0;373,2
2;374,2
0;381,2
0;384,2
1;387,2
2;386,2
2;53,3
2;54,3
2;65,3
2;66,3
2;74,3
2;75,3
2;86,3
1;91,3
0;99,3
0;102,3
2;102,3
2;103,3
0;110,3
0;115,3
2;116,3
0;121,3
2;124,3
0;131,3
0;132,3
0;133,3
1;140,3
0;143,3
1;144,3
1;146,3
2;149,3
1;153,3
2;154,3
2;155,3
0;161,3
0;167,3
2;167,3
0;174,3
0;177,3
0;179,3
1;184,3
2;185,3
1;190,3
1;192,3
0;194,3
2;191,3
2;196,3
1;204,3
2;202,3
1;206,3
0;211,3
1;214,3
0;220,3
0;221,3
2;218,3
2;219,3
2;220,3
2;224,3
2;232,3
1;240,3
0;244,3
2;241,3
1;245,3
2;244,3
2;246,3
1;251,3
1;252,3
0;258,3
1;269,3
2;267,3
0;279,3
1;283,3
0;288,3
1;289,3
0;293,3
2;292,3
0;301,3
0;304,3
1;307,3
1;310,3
1;311,3
1;313,3
2;311,3
1;315,3
0;322,3
1;323,3
0;325,3
1;326,3
1;327,3
0;330,3
1;332,3
2;331,3
0;342,3
0;343,3
1;345,3
2;343,3
0;348,3
0;351,3
2;350,3
2;352,3
0;357,3
1;358,3
1;360,3
1;361,3
0;363,3
0;364,3
0;367,3
1;372,3
0;377,3
0;378,3
1;379,3
2;384,3
2;52,4
2;53,4
2;54,4
0;60,4
1;64,4
0;67,4
0;69,4
1;69,4
2;67,4
2;72,4
2;78,4
2;82,4
1;86,4
1;88,4
2;86,4
0;100,4
0;105,4
1;106,4
0;114,4
2;115,4
2;119,4
2;123,4
2;124,4
0;134,4
2;132,4
1;136,4
0;143,4
2;140,4
2;144,4
2;147,4
0;153,4
0;154,4
2;151,4
1;160,4
0;165,4
2;162,4
2;167,4
2;168,4
1;174,4
1;175,4
0;180,4
1;185,4
2;184,4
2;186,4
2;188,4
2;196,4
1;202,4
1;204,4
1;208,4
1;209,4
1;210,4
1;216,4
2;215,4
2;216,4
1;220,4
1;222,4
1;226,4
1;235,4
1;244,4
2;246,4
0;251,4
2;248,4
2;249,4
2;252,4
1;258,4
2;261,4
1;266,4
1;267,4
2;270,4
0;283,4
2;286,4
1;290,4
2;289,4
0;295,4
2;296,4
0;301,4
0;302,4
2;299,4
2;309,4
2;317,4
0;322,4
2;323,4
2;325,4
0;334,4
1;338,4
0;347,4
2;348,4
1;352,4
2;350,4
0;357,4
2;356,4
2;357,4
1;364,4
1;367,4
0;372,4
2;372,4
1;378,4
2;380,4
0;387,4
0;391,4
1;55,5
0;57,5
0;60,5
1;60,5
1;63,5
0;67,5
0;68,5
1;69,5
2;67,5
2;68,5
2;71,5
2;76,5
2;80,5
1;85,5
2;83,5
2;84,5
2;91,5
2;98,5
2;102,5
2;106,5
1;113,5
0;115,5
0;118,5
0;121,5
1;121,5
1;125,5
2;123,5
2;127,5
2;131,5
2;134,5
2;136,5
0;144,5
2;144,5
2;146,5
0;152,5
1;155,5
1;159,5
2;159,5
2;164,5
2;169,5
2;175,5
0;183,5
0;188,5
2;185,5
0;191,5
1;192,5
2;190,5
1;195,5
2;195,5
2;197,5
0;204,5
0;205,5
2;202,5
1;213,5
1;216,5
1;217,5
1;221,5
1;222,5
2;225,5
2;233,5
0;250,5
2;250,5
0;256,5
2;253,5
0;258,5
2;262,5
0;267,5
1;268,5
0;272,5
2;269,5
2;271,5
2;280,5
2;281,5
2;283,5
0;295,5
2;295,5
0;301,5
2;301,5
1;308,5
1;309,5
2;307,5
1;312,5
2;311,5
2;312,5
1;316,5
1;318,5
0;325,5
2;326,5
1;331,5
2;329,5
1;337,5
1;343,5
1;344,5
0;348,5
0;352,5
2;351,5
2;355,5
1;362,5
0;365,5
2;366,5
0;375,5
1;375,5
0;377,5
2;377,5
2;379,5
2;381,5
0;388,5
1;390,5
1;392,5
2;51,6
1;55,6
0;57,6
1;57,6
1;58,6
1;60,6
2;59,6
0;66,6
0;68,6
2;65,6
1;70,6
0;72,6
2;69,6
1;74,6
1;86,6
1;93,6
2;93,6
2;94,6
2;96,6
2;98,6
1;105,6
1;109,6
2;107,6
1;111,6
1;113,6
2;112,6
2;114,6
2;118,6
2;119,6
2;122,6
2;123,6
2;125,6
2;130,6
1;134,6
1;135,6
2;139,6
2;141,6
1;147,6
1;148,6
1;150,6
2;153,6
2;161,6
1;166,6
1;170,6
1;179,6
0;185,6
2;183,6
1;190,6
1;191,6
0;196,6
0;197,6
1;197,6
1;204,6
1;205,6
2;203,6
1;208,6
1;211,6
1;218,6
2;219,6
2;220,6
1;228,6
2;230,6
0;235,6
1;237,6
0;239,6
1;240,6
2;241,6
2;243,6
1;249,6
1;258,6
1;260,6
1;261,6
2;263,6
1;269,6
2;267,6
0;277,6
2;278,6
2;279,6
2;280,6
2;287,6
1;296,6
1;298,6
2;299,6
1;311,6
1;314,6
1;317,6
1;319,6
0;323,6
2;321,6
2;325,6
1;329,6
1;332,6
0;338,6
2;335,6
2;337,6
2;341,6
2;346,6
1;352,6
1;353,6
0;357,6
2;358,6
2;361,6
0;368,6
0;374,6
2;372,6
0;378,6
1;379,6
0;383,6
0;385,6
0;388,6
0;393,6
1;53,7
2;52,7
2;53,7
2;55,7
1;59,7
2;58,7
1;62,7
1;66,7
2;65,7
2;66,7
2;72,7
1;79,7
1;82,7
1;85,7
1;86,7
2;88,7
0;101,7
2;107,7
2;108,7
0;116,7
1;116,7
1;117,7
2;119,7
0;124,7
1;135,7
2;134,7
1;139,7
1;140,7
1;142,7
1;145,7
1;146,7
2;145,7
2;151,7
2;156,7
1;163,7
0;169,7
2;174,7
2;175,7
1;188,7
1;191,7
1;192,7
2;191,7
2;195,7
2;198,7
1;205,7
1;206,7
2;207,7
0;214,7
1;215,7
2;214,7
2;217,7
2;218,7
1;224,7
0;227,7
2;225,7
1;233,7
1;235,7
0;237,7
0;240,7
2;238,7
1;247,7
2;250,7
1;257,7
1;260,7
0;267,7
2;266,7
1;270,7
1;276,7
2;274,7
1;282,7
1;283,7
1;285,7
1;286,7
1;287,7
2;286,7
2;290,7
2;296,7
1;306,7
1;309,7
0;311,7
2;308,7
1;316,7
1;324,7
1;330,7
2;328,7
0;333,7
0;335,7
1;335,7
1;342,7
2;341,7
2;342,7
2;350,7
2;353,7
2;355,7
2;359,7
0;370,7
2;367,7
1;373,7
2;377,7
0;385,7
1;386,7
0;391,7
0;392,7
2;49,8
2;52,8
2;57,8
1;62,8
0;66,8
0;67,8
0;68,8
2;65,8
0;72,8
0;73,8
1;73,8
2;76,8
1;83,8
1;84,8
1;91,8
0;97,8
2;94,8
2;101,8
2;104,8
0;111,8
0;115,8
2;114,8
0;119,8
0;122,8
2;120,8
2;125,8
2;131,8
2;133,8
0;139,8
0;142,8
0;143,8
0;147,8
2;147,8
0;160,8
0;162,8
1;163,8
2;164,8
1;169,8
2;168,8
2;175,8
1;180,8
1;182,8
2;187,8
0;197,8
2;194,8
0;200,8
0;207,8
1;207,8
1;215,8
2;218,8
1;223,8
2;224,8
1;228,8
1;229,8
2;228,8
2;230,8
2;231,8
2;232,8
2;234,8
2;238,8
0;243,8
1;247,8
2;247,8
0;261,8
0;262,8
2;259,8
1;272,8
1;282,8
1;283,8
1;284,8
2;282,8
1;287,8
1;288,8
1;289,8
2;288,8
0;298,8
0;300,8
0;305,8
1;309,8
1;312,8
1;320,8
1;321,8
0;323,8
0;327,8
1;327,8
2;329,8
2;330,8
1;336,8
0;339,8
0;341,8
1;343,8
0;349,8
0;350,8
2;347,8
1;351,8
2;349,8
2;350,8
0;355,8
1;360,8
1;365,8
0;371,8
1;374,8
2;373,8
2;374,8
1;380,8
1;381,8
1;383,8
1;390,8
0;55,9
1;61,9
1;64,9
1;67,9
1;69,9
2;67,9
2;68,9
1;72,9
1;77,9
2;78,9
0;85,9
1;88,9
0;94,9
1;95,9
1;97,9
1;98,9
0;104,9
1;106,9
2;106,9
2;107,9
2;108,9
2;110,9
2;114,9
0;124,9
1;124,9
2;123,9
2;128,9
2;129,9
2;132,9
0;137,9
0;138,9
0;141,9
1;142,9
1;143,9
1;144,9
0;152,9
1;160,9
1;161,9
1;169,9
0;176,9
0;178,9
0;181,9
0;193,9
1;195,9
0;198,9
1;198,9
2;197,9
0;203,9
0;204,9
1;206,9
1;211,9
0;216,9
0;217,9
0;221,9
2;218,9
1;222,9
0;226,9
2;225,9
2;229,9
2;231,9
1;235,9
1;236,9
1;237,9
2;241,9
1;254,9
0;261,9
0;262,9
2;262,9
0;268,9
2;265,9
2;270,9
1;277,9
0;283,9
0;286,9
2;285,9
2;293,9
1;301,9
1;303,9
0;306,9
1;308,9
2;307,9
1;313,9
2;315,9
1;320,9
1;321,9
1;328,9
0;334,9
0;335,9
0;336,9
0;339,9
1;340,9
2;339,9
1;344,9
0;347,9
2;345,9
1;349,9
1;352,9
0;358,9
0;359,9
0;361,9
1;370,9
2;368,9
0;380,9
0;386,9
0;388,9
2;386,9
1;391,9
0;52,10
0;53,10
1;58,10
0;60,10
0;61,10
1;64,10
0;68,10
1;72,10
0;75,10
0;81,10
2;82,10
2;83,10
1;93,10
2;93,10
1;97,10
2;95,10
2;97,10
1;103,10
1;111,10
0;120,10
1;121,10
1;122,10
1;124,10
1;125,10
2;124,10
1;131,10
0;140,10
2;139,10
2;140,10
2;143,10
2;146,10
1;150,10
1;151,10
1;157,10
2;158,10
2;165,10
2;169,10
1;175,10
2;174,10
2;175,10
1;183,10
0;193,10
0;198,10
2;200,10
1;207,10
0;210,10
0;214,10
1;214,10
1;218,10
2;218,10
2;219,10
2;224,10
2;225,10
1;230,10
1;232,10
1;235,10
2;234,10
1;239,10
2;241,10
1;248,10
1;251,10
2;252,10
2;255,10
1;260,10
2;269,10
2;275,10
2;276,10
2;279,10
1;286,10
2;284,10
2;289,10
2;290,10
0;295,10
1;300,10
0;305,10
0;308,10
2;306,10
1;314,10
1;318,10
1;320,10
1;323,10
0;327,10
0;328,10
1;333,10
2;335,10
1;339,10
0;341,10
1;356,10
2;354,10
1;360,10
1;361,10
0;363,10
0;368,10
0;370,10
0;375,10
1;377,10
0;382,10
0;385,10
0;386,10
0;388,10
1;392,10
1;54,11
2;52,11
2;53,11
0;58,11
2;56,11
0;61,11
2;71,11
0;76,11
1;76,11
0;84,11
2;82,11
2;83,11
1;89,11
2;87,11
1;97,11
1;98,11
2;96,11
2;98,11
2;99,11
2;107,11
1;120,11
0;127,11
2;124,11
0;133,11
2;130,11
2;131,11
2;133,11
1;138,11
2;138,11
1;145,11
0;152,11
2;152,11
2;154,11
2;155,11
1;162,11
2;162,11
2;163,11
2;167,11
2;168,11
2;169,11
2;178,11
1;187,11
1;188,11
0;191,11
1;198,11
2;198,11
2;206,11
0;215,11
2;214,11
0;223,11
1;224,11
2;223,11
2;224,11
2;229,11
2;232,11
2;233,11
0;242,11
1;242,11
2;241,11
2;245,11
2;248,11
1;252,11
2;252,11
1;264,11
1;267,11
1;269,11
0;272,11
2;269,11
2;271,11
2;272,11
2;275,11
1;280,11
1;282,11
1;287,11
0;289,11
2;288,11
2;293,11
2;299,11
2;300,11
2;301,11
0;308,11
0;309,11
0;312,11
1;313,11
1;314,11
1;316,11
2;315,11
1;321,11
1;324,11
2;322,11
2;323,11
2;328,11
1;335,11
1;336,11
1;339,11
1;341,11
1;343,11
1;347,11
2;345,11
2;349,11
0;359,11
0;371,11
0;374,11
1;378,11
2;377,11
0;385,11
2;383,11
2;387,11
1;392,11
0;53,12
2;50,12
0;56,12
0;57,12
2;60,12
0;66,12
1;68,12
1;71,12
0;74,12
0;78,12
0;79,12
2;76,12
2;80,12
1;84,12
2;84,12
2;89,12
1;94,12
1;96,12
1;98,12
1;99,12
2;97,12
1;105,12
0;110,12
2;109,12
2;111,12
1;115,12
2;113,12
2;115,12
2;116,12
2;120,12
2;124,12
1;128,12
2;130,12
1;136,12
2;135,12
1;144,12
1;148,12
2;147,12
2;152,12
2;154,12
2;157,12
1;161,12
1;167,12
0;174,12
0;176,12
1;179,12
1;187,12
0;198,12
2;197,12
0;203,12
0;208,12
2;205,12
1;213,12
1;215,12
2;214,12
2;215,12
2;217,12
2;218,12
2;220,12
1;225,12
1;229,12
0;236,12
2;234,12
1;238,12
0;241,12
0;242,12
1;242,12
1;248,12
0;254,12
2;252,12
2;255,12
2;257,12
2;258,12
2;260,12
1;267,12
1;272,12
1;283,12
2;281,12
2;283,12
1;291,12
1;297,12
0;300,12
2;298,12
1;307,12
2;307,12
2;312,12
1;321,12
0;324,12
2;321,12
0;328,12
2;335,12
2;336,12
0;344,12
0;345,12
2;343,12
1;350,12
1;352,12
2;351,12
1;357,12
1;359,12
2;361,12
1;370,12
0;376,12
0;379,12
2;380,12
1;385,12
2;387,12
2;388,12
1;393,12
2;50,13
2;53,13
2;55,13
0;62,13
2;61,13
2;62,13
0;67,13
0;73,13
2;72,13
2;73,13
2;76,13
2;80,13
0;92,13
2;90,13
0;95,13
2;98,13
2;101,13
0;109,13
1;109,13
1;113,13
0;122,13
1;122,13
0;124,13
1;128,13
2;131,13
1;138,13
1;140,13
2;140,13
2;141,13
1;145,13
1;148,13
2;148,13
1;156,13
0;159,13
0;160,13
2;158,13
2;167,13
2;169,13
1;175,13
1;179,13
1;180,13
2;179,13
1;184,13
1;185,13
0;194,13
2;194,13
2;196,13
2;201,13
2;202,13
2;203,13
1;207,13
0;212,13
0;219,13
2;220,13
0;229,13
0;233,13
0;235,13
2;237,13
0;246,13
1;248,13
1;250,13
2;250,13
0;257,13
0;260,13
0;262,13
2;260,13
1;272,13
0;276,13
1;276,13
2;274,13
1;278,13
1;279,13
2;278,13
1;283,13
1;285,13
1;290,13
1;292,13
1;293,13
2;296,13
2;297,13
2;301,13
2;307,13
2;312,13
2;313,13
1;319,13
1;320,13
2;322,13
0;333,13
1;337,13
0;339,13
2;336,13
1;342,13
1;343,13
0;352,13
0;353,13
0;354,13
1;369,13
1;372,13
1;373,13
0;377,13
1;379,13
2;377,13
1;384,13
1;387,13
0;391,13
1;391,13
1;392,13
1;52,14
2;50,14
0;55,14
1;55,14
2;55,14
0;60,14
1;70,14
2;69,14
2;74,14
1;78,14
2;79,14
1;83,14
0;85,14
0;88,14
2;85,14
2;86,14
2;88,14
1;95,14
0;106,14
1;111,14
2;110,14
0;121,14
0;124,14
2;121,14
2;133,14
2;136,14
1;141,14
0;143,14
2;140,14
2;145,14
2;147,14
2;150,14
2;152,14
2;153,14
1;161,14
0;164,14
1;167,14
1;169,14
0;174,14
1;177,14
0;179,14
2;176,14
1;183,14
2;185,14
2;188,14
1;197,14
2;200,14
0;205,14
1;205,14
0;207,14
0;208,14
0;212,14
1;218,14
2;216,14
1;227,14
2;232,14
2;234,14
1;238,14
2;236,14
0;243,14
0;247,14
2;245,14
2;247,14
1;252,14
2;253,14
0;264,14
1;265,14
0;268,14
2;267,14
1;273,14
1;274,14
2;274,14
2;276,14
0;283,14
1;287,14
0;296,14
0;300,14
0;304,14
0;308,14
1;312,14
2;315,14
0;322,14
0;323,14
0;325,14
0;327,14
1;328,14
2;331,14
0;338,14
2;335,14
2;336,14
1;340,14
1;343,14
2;344,14
1;349,14
0;352,14
0;354,14
2;351,14
2;357,14
2;364,14
1;371,14
1;374,14
0;383,14
1;389,14
1;51,15
2;49,15
0;55,15
2;52,15
0;57,15
2;54,15
2;56,15
2;59,15
2;66,15
0;75,15
1;75,15
0;79,15
1;81,15
0;85,15
2;84,15
2;86,15
1;92,15
1;95,15
1;105,15
0;114,15
0;120,15
1;120,15
2;120,15
0;126,15
0;130,15
0;134,15
1;135,15
2;133,15
2;136,15
1;146,15
2;144,15
1;148,15
1;151,15
0;153,15
0;155,15
2;152,15
1;163,15
2;164,15
1;170,15
0;176,15
1;181,15
0;184,15
1;185,15
2;184,15
1;190,15
2;188,15
2;189,15
2;191,15
2;199,15
2;208,15
1;212,15
1;213,15
1;220,15
0;224,15
2;222,15
0;230,15
0;234,15
0;235,15
2;233,15
2;240,15
1;248,15
2;250,15
2;256,15
0;265,15
1;267,15
1;269,15
2;268,15
1;275,15
1;277,15
2;278,15
1;285,15
0;288,15
1;292,15
2;291,15
1;301,15
1;302,15
2;304,15
2;305,15
0;310,15
2;313,15
1;321,15
1;328,15
0;330,15
0;332,15
2;329,15
1;336,15
2;338,15
1;343,15
2;341,15
2;344,15
2;345,15
0;353,15
1;363,15
1;364,15
1;367,15
2;365,15
2;369,15
1;374,15
2;372,15
2;374,15
1;379,15
0;382,15
2;383,15
0;393,15
1;50,16
1;51,16
2;49,16
2;51,16
1;58,16
1;64,16
1;68,16
2;72,16
1;76,16
2;74,16
0;82,16
0;85,16
1;85,16
1;89,16
0;94,16
2;92,16
1;96,16
1;98,16
2;100,16
0;114,16
2;112,16
2;113,16
2;118,16
2;121,16
0;131,16
1;136,16
2;135,16
0;140,16
2;137,16
1;144,16
0;150,16
1;155,16
2;156,16
2;158,16
2;160,16
2;166,16
2;169,16
0;175,16
2;176,16
2;178,16
1;189,16
2;187,16
2;193,16
2;194,16
1;199,16
2;200,16
0;205,16
0;206,16
1;208,16
0;216,16
2;217,16
2;221,16
2;222,16
2;223,16
0;234,16
1;236,16
1;238,16
2;237,16
2;244,16
2;247,16
1;251,16
1;252,16
2;251,16
0;264,16
1;264,16
0;266,16
0;270,16
1;270,16
2;272,16
1;277,16
2;277,16
2;278,16
1;282,16
1;288,16
1;289,16
2;290,16
1;301,16
1;304,16
2;306,16
0;315,16
1;317,16
0;320,16
1;320,16
1;321,16
1;322,16
1;327,16
1;329,16
1;332,16
1;335,16
0;339,16
1;342,16
1;348,16
2;355,16
0;361,16
0;363,16
1;367,16
2;370,16
1;374,16
0;377,16
1;384,16
2;385,16
1;49,17
1;50,17
0;56,17
2;57,17
1;61,17
0;64,17
2;70,17
1;75,17
1;76,17
1;78,17
0;82,17
2;80,17
2;85,17
1;91,17
1;92,17
2;91,17
1;96,17
0;104,17
1;106,17
2;105,17
1;118,17
0;121,17
1;123,17
0;125,17
1;126,17
2;126,17
0;132,17
0;134,17
2;131,17
0;136,17
1;136,17
2;138,17
2;142,17
0;149,17
2;148,17
0;155,17
0;156,17
2;156,17
2;162,17
1;172,17
1;175,17
0;181,17
0;183,17
0;185,17
0;188,17
2;189,17
2;193,17
2;201,17
1;205,17
2;205,17
2;208,17
0;213,17
0;215,17
0;217,17
1;218,17
0;221,17
0;224,17
2;223,17
1;234,17
1;238,17
1;241,17
1;245,17
2;250,17
1;256,17
2;257,17
1;269,17
0;280,17
0;282,17
1;283,17
2;281,17
1;285,17
2;287,17
1;292,17
2;290,17
1;299,17
2;300,17
2;302,17
0;310,17
1;313,17
0;316,17
0;317,17
2;316,17
2;322,17
1;327,17
1;329,17
2;331,17
1;336,17
1;338,17
0;341,17
2;339,17
2;344,17
1;350,17
0;352,17
0;354,17
2;352,17
0;365,17
2;367,17
1;375,17
2;377,17
0;382,17
2;380,17
1;388,17
2;45,18
1;49,18
1;51,18
1;57,18
0;61,18
2;58,18
1;63,18
1;65,18
0;69,18
0;71,18
0;72,18
2;71,18
2;75,18
2;76,18
1;80,18
2;82,18
0;87,18
2;87,18
1;96,18
2;94,18
2;95,18
1;101,18
0;107,18
0;109,18
0;110,18
2;108,18
2;114,18
1;119,18
1;120,18
0;129,18
1;131,18
1;132,18
2;130,18
2;135,18
2;141,18
1;145,18
1;147,18
0;151,18
2;151,18
2;158,18
2;159,18
2;161,18
1;166,18
2;164,18
2;166,18
2;168,18
2;172,18
1;182,18
1;188,18
2;186,18
0;193,18
2;191,18
0;196,18
0;197,18
2;196,18
2;198,18
2;199,18
1;208,18
2;213,18
2;214,18
1;219,18
1;223,18
1;224,18
2;225,18
1;235,18
2;233,18
2;234,18
2;236,18
1;240,18
0;247,18
1;247,18
1;251,18
2;251,18
1;257,18
0;266,18
2;263,18
2;265,18
2;268,18
1;272,18
1;273,18
0;276,18
2;288,18
2;290,18
2;291,18
2;295,18
2;299,18
1;303,18
2;301,18
0;306,18
2;308,18
0;317,18
1;317,18
2;315,18
2;321,18
2;322,18
2;325,18
2;330,18
1;335,18
1;338,18
1;345,18
2;346,18
1;351,18
1;354,18
1;362,18
0;373,18
0;378,18
0;379,18
0;380,18
2;377,18
1;385,18
2;388,18
0;393,18
2;50,19
0;57,19
2;54,19
2;55,19
0;60,19
0;62,19
1;63,19
0;73,19
1;73,19
1;75,19
2;76,19
2;79,19
2;81,19
2;83,19
2;86,19
2;88,19
2;90,19
1;97,19
2;97,19
0;105,19
0;110,19
1;110,19
2;108,19
2;111,19
2;118,19
2;120,19
1;124,19
2;123,19
1;130,19
0;137,19
1;138,19
1;140,19
1;145,19
2;143,19
1;149,19
1;150,19
2;151,19
1;162,19
1;164,19
1;168,19
2;173,19
1;177,19
2;175,19
0;181,19
2;178,19
2;179,19
2;180,19
2;184,19
1;190,19
0;195,19
0;203,19
0;206,19
0;212,19
0;217,19
1;217,19
2;215,19
2;217,19
1;224,19
0;227,19
0;229,19
1;230,19
2;229,19
1;234,19
0;240,19
1;241,19
0;244,19
2;248,19
1;253,19
2;252,19
1;257,19
0;262,19
1;268,19
1;271,19
1;272,19
1;273,19
0;280,19
1;282,19
1;287,19
2;286,19
0;292,19
1;298,19
2;298,19
1;302,19
1;303,19
2;306,19
1;313,19
2;315,19
2;320,19
2;321,19
2;322,19
1;327,19
0;329,19
0;335,19
0;339,19
0;340,19
0;341,19
1;343,19
2;342,19
2;343,19
2;346,19
0;354,19
0;355,19
2;352,19
0;357,19
0;360,19
0;361,19
1;361,19
1;363,19
1;366,19
1;367,19
1;372,19
0;377,19
2;376,19
2;380,19
1;386,19
0;392,19
2;44,20
0;51,20
1;54,20
0;57,20
2;57,20
1;62,20
1;64,20
1;67,20
2;66,20
2;67,20
1;71,20
1;72,20
1;75,20
0;78,20
0;79,20
0;80,20
2;80,20
1;89,20
1;90,20
1;92,20
2;93,20
1;97,20
1;98,20
1;102,20
2;101,20
2;108,20
2;113,20
1;121,20
1;124,20
0;126,20
0;127,20
0;133,20
2;134,20
1;139,20
1;140,20
0;144,20
1;149,20
1;150,20
0;159,20
1;159,20
2;157,20
1;161,20
2;160,20
2;163,20
1;170,20
1;176,20
1;183,20
0;191,20
0;192,20
1;194,20
1;198,20
2;208,20
0;213,20
1;213,20
2;211,20
1;219,20
1;225,20
1;228,20
0;233,20
0;238,20
1;241,20
0;248,20
2;250,20
2;252,20
1;257,20
2;255,20
2;261,20
1;265,20
1;268,20
0;274,20
2;272,20
2;274,20
1;278,20
1;280,20
0;282,20
2;281,20
2;288,20
2;292,20
1;296,20
1;300,20
1;304,20
1;306,20
0;315,20
2;312,20
2;314,20
1;321,20
1;326,20
0;329,20
2;326,20
2;329,20
2;336,20
2;341,20
2;343,20
2;347,20
1;356,20
2;354,20
2;359,20
1;367,20
0;370,20
0;371,20
1;371,20
0;374,20
2;371,20
2;374,20
2;379,20
2;381,20
2;384,20
1;390,20
0;393,20
2;44,21
2;45,21
2;47,21
2;50,21
2;57,21
0;62,21
2;60,21
2;61,21
2;67,21
1;71,21
2;71,21
2;73,21
2;74,21
2;76,21
2;77,21
2;81,21
1;86,21
0;92,21
2;94,21
0;99,21
1;99,21
2;101,21
2;105,21
0;110,21
0;113,21
2;110,21
2;113,21
2;114,21
2;119,21
2;123,21
2;125,21
2;131,21
2;133,21
2;134,21
1;144,21
1;150,21
0;152,21
2;154,21
1;161,21
0;165,21
1;167,21
2;165,21
2;174,21
1;178,21
0;180,21
2;177,21
1;183,21
2;181,21
1;185,21
1;187,21
0;190,21
1;194,21
2;193,21
1;200,21
1;201,21
2;202,21
1;207,21
0;209,21
0;212,21
0;214,21
2;215,21
2;219,21
1;228,21
1;229,21
1;232,21
2;234,21
2;235,21
2;236,21
2;237,21
1;244,21
1;246,21
2;246,21
2;249,21
2;252,21
0;257,21
0;259,21
2;257,21
1;263,21
2;262,21
1;268,21
2;266,21
1;272,21
0;279,21
0;284,21
1;288,21
1;292,21
1;299,21
2;299,21
2;300,21
0;311,21
0;313,21
1;313,21
1;316,21
1;320,21
0;323,21
1;323,21
1;324,21
1;335,21
2;337,21
0;342,21
2;344,21
2;347,21
0;356,21
0;362,21
1;363,21
1;369,21
0;375,21
2;373,21
2;374,21
1;380,21
1;388,21
1;46,22
1;47,22
0;49,22
0;51,22
1;51,22
1;52,22
1;53,22
1;54,22
0;56,22
0;59,22
1;63,22
2;62,22
1;74,22
1;75,22
0;77,22
2;76,22
1;82,22
1;83,22
1;88,22
1;97,22
0;109,22
2;106,22
2;107,22
2;111,22
2;112,22
1;116,22
0;118,22
0;121,22
1;121,22
1;130,22
1;133,22
1;134,22
2;135,22
2;136,22
2;139,22
1;148,22
2;146,22
1;151,22
1;152,22
2;151,22
0;164,22
0;166,22
1;166,22
2;169,22
2;172,22
2;174,22
1;183,22
1;184,22
1;185,22
1;187,22
2;186,22
1;194,22
2;195,22
1;201,22
1;202,22
2;200,22
2;201,22
1;209,22
2;207,22
1;213,22
2;218,22
0;230,22
0;231,22
0;235,22
0;249,22
0;250,22
1;250,22
1;252,22
0;255,22
1;256,22
2;257,22
2;265,22
2;269,22
2;274,22
1;279,22
0;285,22
1;285,22
0;290,22
0;294,22
1;294,22
2;292,22
2;293,22
2;294,22
2;298,22
2;300,22
2;303,22
2;307,22
0;317,22
0;320,22
2;319,22
1;326,22
1;327,22
1;331,22
0;336,22
2;333,22
0;340,22
2;339,22
0;352,22
2;349,22
2;351,22
1;356,22
1;357,22
0;361,22
0;362,22
0;363,22
0;366,22
2;374,22
0;379,22
2;379,22
2;380,22
1;384,22
2;382,22
1;389,22
1;45,23
1;48,23
2;46,23
1;50,23
0;52,23
0;56,23
0;62,23
1;63,23
1;66,23
0;68,23
0;70,23
0;74,23
1;79,23
2;77,23
0;90,23
0;91,23
0;94,23
2;94,23
2;97,23
2;105,23
1;109,23
1;110,23
2;108,23
0;113,23
0;114,23
2;113,23
1;121,23
1;124,23
1;125,23
0;131,23
2;128,23
2;129,23
2;135,23
1;139,23
0;149,23
1;151,23
2;149,23
1;153,23
1;160,23
1;167,23
2;167,23
2;172,23
1;178,23
2;181,23
0;192,23
0;195,23
1;195,23
1;200,23
0;203,23
2;201,23
2;207,23
1;216,23
1;217,23
2;217,23
1;221,23
2;219,23
0;226,23
0;227,23
0;232,23
2;232,23
2;234,23
1;241,23
1;242,23
2;244,23
1;252,23
1;254,23
1;259,23
2;257,23
0;263,23
0;267,23
2;264,23
2;273,23
2;276,23
2;277,23
2;279,23
2;284,23
2;285,23
0;298,23
2;297,23
2;299,23
0;305,23
2;302,23
1;306,23
1;310,23
2;310,23
2;311,23
2;318,23
0;330,23
0;332,23
2;329,23
2;334,23
1;340,23
0;345,23
2;343,23
2;344,23
2;345,23
2;346,23
2;348,23
2;350,23
0;364,23
0;371,23
1;374,23
0;379,23
1;381,23
1;384,23
2;382,23
0;390,23
1;391,23
2;389,23
1;44,24
0;48,24
0;49,24
0;50,24
0;51,24
0;52,24
1;52,24
2;51,24
1;57,24
0;59,24
0;61,24
1;62,24
1;64,24
2;62,24
1;72,24
2;72,24
2;75,24
2;76,24
2;80,24
2;84,24
2;89,24
1;97,24
2;96,24
0;102,24
0;104,24
1;104,24
2;102,24
1;106,24
2;104,24
1;112,24
0;115,24
1;118,24
1;119,24
1;120,24
1;122,24
1;128,24
2;127,24
2;130,24
2;135,24
1;139,24
0;142,24
2;141,24
1;146,24
1;148,24
2;148,24
2;156,24
1;166,24
0;168,24
1;172,24
2;170,24
1;174,24
0;177,24
2;179,24
2;180,24
2;181,24
2;186,24
2;193,24
1;198,24
1;199,24
0;202,24
2;199,24
2;200,24
0;209,24
2;211,24
1;216,24
0;219,24
2;216,24
2;219,24
1;224,24
2;229,24
2;234,24
2;245,24
1;249,24
1;253,24
0;261,24
1;266,24
0;272,24
1;278,24
0;280,24
0;282,24
1;282,24
1;289,24
1;292,24
1;294,24
1;298,24
0;305,24
0;307,24
0;310,24
1;312,24
2;314,24
1;326,24
2;324,24
1;330,24
1;332,24
1;334,24
0;345,24
2;342,24
0;348,24
2;347,24
2;348,24
2;356,24
2;360,24
1;366,24
2;369,24
1;377,24
0;379,24
1;381,24
0;384,24
2;381,24
2;386,24
2;40,25
1;46,25
1;47,25
0;51,25
0;53,25
1;53,25
0;55,25
1;56,25
2;54,25
1;58,25
2;60,25
2;61,25
2;64,25
1;71,25
2;69,25
2;75,25
0;82,25
2;81,25
1;85,25
1;88,25
1;89,25
1;96,25
0;107,25
0;120,25
0;122,25
2;119,25
2;121,25
0;127,25
2;126,25
0;134,25
0;135,25
0;137,25
2;136,25
1;147,25
1;150,25
0;153,25
0;155,25
2;152,25
2;155,25
1;160,25
1;163,25
2;161,25
2;165,25
2;169,25
2;172,25
2;173,25
2;174,25
2;177,25
1;181,25
1;184,25
1;185,25
1;186,25
2;189,25
2;192,25
0;198,25
1;205,25
0;207,25
0;214,25
0;217,25
2;215,25
1;220,25
2;218,25
0;224,25
0;226,25
2;225,25
2;231,25
1;235,25
1;236,25
1;240,25
2;239,25
1;243,25
0;245,25
1;245,25
1;248,25
2;247,25
2;252,25
1;257,25
0;261,25
2;261,25
2;262,25
2;264,25
1;271,25
2;271,25
2;272,25
1;279,25
2;279,25
1;283,25
1;288,25
2;286,25
2;287,25
2;294,25
1;303,25
1;304,25
1;310,25
0;319,25
0;323,25
2;322,25
1;327,25
2;330,25
2;332,25
2;334,25
2;341,25
2;342,25
2;343,25
2;347,25
1;351,25
1;352,25
1;353,25
0;357,25
0;359,25
1;359,25
1;363,25
2;367,25
1;373,25
0;376,25
0;383,25
2;380,25
1;386,25
1;387,25
0;391,25
0;44,26
2;43,26
0;50,26
1;51,26
2;50,26
2;51,26
1;55,26
1;57,26
2;56,26
1;61,26
1;64,26
2;63,26
1;70,26
2;70,26
1;75,26
1;77,26
1;83,26
1;85,26
2;83,26
2;91,26
1;95,26
0;97,26
2;98,26
2;104,26
1;112,26
2;115,26
0;120,26
2;117,26
2;121,26
1;131,26
0;138,26
1;139,26
2;138,26
2;139,26
2;140,26
1;144,26
1;151,26
1;152,26
0;154,26
0;155,26
2;152,26
1;165,26
1;176,26
0;185,26
0;195,26
0;198,26
1;199,26
2;197,26
0;203,26
0;206,26
1;206,26
0;209,26
2;207,26
2;211,26
2;213,26
2;215,26
2;217,26
2;221,26
0;230,26
1;230,26
1;231,26
2;230,26
1;234,26
1;236,26
2;237,26
1;243,26
0;247,26
0;253,26
1;253,26
2;251,26
2;254,26
2;258,26
2;263,26
1;270,26
1;275,26
2;275,26
2;278,26
1;283,26
1;284,26
0;286,26
0;287,26
2;284,26
2;293,26
1;299,26
2;299,26
2;309,26
1;317,26
0;319,26
1;322,26
2;323,26
1;331,26
0;333,26
0;334,26
1;335,26
0;339,26
1;344,26
1;349,26
0;351,26
0;352,26
0;358,26
2;358,26
0;364,26
1;375,26
0;378,26
1;378,26
0;380,26
1;381,26
1;385,26
1;391,26
1;393,26
1;42,27
1;43,27
1;53,27
0;55,27
2;53,27
2;54,27
0;59,27
1;60,27
0;63,27
1;64,27
2;63,27
1;70,27
2;70,27
1;78,27
1;80,27
1;81,27
1;83,27
0;89,27
0;99,27
0;100,27
1;101,27
2;99,27
1;107,27
0;113,27
1;115,27
2;116,27
2;117,27
1;122,27
0;125,27
0;128,27
2;132,27
2;134,27
2;140,27
1;145,27
2;145,27
1;150,27
1;152,27
0;155,27
2;153,27
2;157,27
0;170,27
1;171,27
1;173,27
0;178,27
2;178,27
1;184,27
2;184,27
2;186,27
0;195,27
1;201,27
0;203,27
2;204,27
0;209,27
0;211,27
1;214,27
2;213,27
2;215,27
2;218,27
2;219,27
2;221,27
1;230,27
1;233,27
0;237,27
2;238,27
1;242,27
2;240,27
2;243,27
1;248,27
0;251,27
2;253,27
2;255,27
2;266,27
2;271,27
2;272,27
0;281,27
0;282,27
2;279,27
1;285,27
1;286,27
2;286,27
2;287,27
2;291,27
1;295,27
1;298,27
2;297,27
2;298,27
1;305,27
1;308,27
1;309,27
0;316,27
0;317,27
1;317,27
0;327,27
0;335,27
0;337,27
2;334,27
1;338,27
2;339,27
0;350,27
0;357,27
0;364,27
0;368,27
0;370,27
2;368,27
1;374,27
2;372,27
2;374,27
0;380,27
0;386,27
1;387,27
0;390,27
0;392,27
1;41,28
0;43,28
0;46,28
0;49,28
2;49,28
0;56,28
1;57,28
0;67,28
0;69,28
1;69,28
1;70,28
2;69,28
1;77,28
2;77,28
2;79,28
2;80,28
2;84,28
1;89,28
1;90,28
2;91,28
2;95,28
1;100,28
1;101,28
2;99,28
1;111,28
2;113,28
0;119,28
0;125,28
1;125,28
1;126,28
1;128,28
0;132,28
2;131,28
2;132,28
2;134,28
2;137,28
2;141,28
2;143,28
1;151,28
0;156,28
2;156,28
2;159,28
1;167,28
2;166,28
1;174,28
1;178,28
2;177,28
0;192,28
0;193,28
2;192,28
1;196,28
0;199,28
0;203,28
2;203,28
2;207,28
1;216,28
1;220,28
0;224,28
2;223,28
2;225,28
2;232,28
2;236,28
2;237,28
2;238,28
2;240,28
1;244,28
1;246,28
1;249,28
2;249,28
1;255,28
1;257,28
2;258,28
1;264,28
1;267,28
2;265,28
2;266,28
1;270,28
1;271,28
0;277,28
1;282,28
0;287,28
0;291,28
0;292,28
1;299,28
0;302,28
1;305,28
0;309,28
2;310,28
2;317,28
0;324,28
0;325,28
1;328,28
2;327,28
1;331,28
0;333,28
2;334,28
0;345,28
1;345,28
2;343,28
1;351,28
2;350,28
1;354,28
1;358,28
1;360,28
2;358,28
1;362,28
2;362,28
0;367,28
0;368,28
0;372,28
0;376,28
0;380,28
2;378,28
0;383,28
0;385,28
0;390,28
2;389,28
1;40,29
1;42,29
1;44,29
1;46,29
1;47,29
1;49,29
0;52,29
2;49,29
2;51,29
2;54,29
1;59,29
1;62,29
0;65,29
2;63,29
2;65,29
1;71,29
1;73,29
2;73,29
0;78,29
2;79,29
2;83,29
2;88,29
1;93,29
2;91,29
2;93,29
1;97,29
2;99,29
1;104,29
0;108,29
0;116,29
1;116,29
1;118,29
2;116,29
2;119,29
2;124,29
2;127,29
1;134,29
1;136,29
0;138,29
2;136,29
2;137,29
2;142,29
0;148,29
1;150,29
1;152,29
2;150,29
2;152,29
1;162,29
1;170,29
2;168,29
0;173,29
1;175,29
2;174,29
0;185,29
0;186,29
0;189,29
2;186,29
2;187,29
2;189,29
2;192,29
2;194,29
2;197,29
1;207,29
2;208,29
1;214,29
0;217,29
2;215,29
0;222,29
0;232,29
2;230,29
2;235,29
1;239,29
2;242,29
0;252,29
1;254,29
2;253,29
0;264,29
0;270,29
0;271,29
0;273,29
1;274,29
2;274,29
1;279,29
0;285,29
2;283,29
2;284,29
2;287,29
2;293,29
1;301,29
1;302,29
2;300,29
2;302,29
2;303,29
2;306,29
2;309,29
2;312,29
2;313,29
2;314,29
1;324,29
0;333,29
2;330,29
2;334,29
1;341,29
2;341,29
2;347,29
2;349,29
1;354,29
0;358,29
0;361,29
1;364,29
0;366,29
2;365,29
1;371,29
1;373,29
2;375,29
0;384,29
0;391,29
0;40,30
2;38,30
1;44,30
2;42,30
2;44,30
2;46,30
1;52,30
2;52,30
1;58,30
0;60,30
0;62,30
0;67,30
1;69,30
2;71,30
2;73,30
0;79,30
0;84,30
2;81,30
2;82,30
2;83,30
2;85,30
2;86,30
1;91,30
2;92,30
2;97,30
0;103,30
1;105,30
1;108,30
2;106,30
0;113,30
2;114,30
2;116,30
2;117,30
2;120,30
2;121,30
1;128,30
1;132,30
2;133,30
2;136,30
0;142,30
1;142,30
1;143,30
1;144,30
2;144,30
2;147,30
2;148,30
1;152,30
2;151,30
1;159,30
0;163,30
2;162,30
2;166,30
1;172,30
0;175,30
1;180,30
2;180,30
1;185,30
0;189,30
1;193,30
1;197,30
2;195,30
1;199,30
1;201,30
1;203,30
2;204,30
2;205,30
2;206,30
1;215,30
1;217,30
1;223,30
2;227,30
2;230,30
1;235,30
0;243,30
1;248,30
1;252,30
2;250,30
0;257,30
1;262,30
0;264,30
2;267,30
0;275,30
0;282,30
0;284,30
0;285,30
2;282,30
2;293,30
2;296,30
2;297,30
1;308,30
2;307,30
2;308,30
0;316,30
1;319,30
1;321,30
1;324,30
1;326,30
0;333,30
0;337,30
2;335,30
1;340,30
2;339,30
1;343,30
1;350,30
1;357,30
1;363,30
1;364,30
2;367,30
1;376,30
2;377,30
0;382,30
0;383,30
2;380,30
0;387,30
1;387,30
1;391,30
2;36,31
2;39,31
0;48,31
0;49,31
2;51,31
2;52,31
2;63,31
2;64,31
1;68,31
2;67,31
1;71,31
1;72,31
2;76,31
1;88,31
2;91,31
0;97,31
0;99,31
1;99,31
1;102,31
1;105,31
1;112,31
1;119,31
0;121,31
2;120,31
0;129,31
0;132,31
1;132,31
0;134,31
0;137,31
0;144,31
1;147,31
0;154,31
0;158,31
1;159,31
1;165,31
0;173,31
2;170,31
1;174,31
0;179,31
1;179,31
1;180,31
1;184,31
1;185,31
2;183,31
1;189,31
2;188,31
2;191,31
1;197,31
2;198,31
2;200,31
0;205,31
0;206,31
2;204,31
2;209,31
1;217,31
2;216,31
2;221,31
2;222,31
0;228,31
2;231,31
2;235,31
1;240,31
2;239,31
1;245,31
2;246,31
0;257,31
0;260,31
2;257,31
2;263,31
0;274,31
1;275,31
2;273,31
2;275,31
1;280,31
0;285,31
1;290,31
1;291,31
2;293,31
2;296,31
2;298,31
1;305,31
1;306,31
2;305,31
1;311,31
0;313,31
2;311,31
1;315,31
2;316,31
1;322,31
0;330,31
2;328,31
2;329,31
2;331,31
0;340,31
0;341,31
2;339,31
2;346,31
1;353,31
0;356,31
0;357,31
2;354,31
2;359,31
2;364,31
2;365,31
0;372,31
0;373,31
2;371,31
2;375,31
0;380,31
1;383,31
0;391,31
