7647
0;51,23
0;54,23
0;57,23
0;60,23
0;63,23
0;45,24
1;63,22
1;65,22
0;52,24
0;53,24
0;54,24
0;57,24
0;58,24
1;74,22
0;60,24
0;62,24
0;64,24
0;65,24
0;68,24
0;71,24
0;73,24
0;74,24
0;76,24
0;77,24
0;78,24
0;79,24
0;81,24
1;104,22
1;134,22
0;149,24
0;41,25
1;59,23
0;46,25
1;63,23
1;65,23
1;66,23
0;54,25
1;70,23
0;57,25
0;58,25
0;59,25
0;60,25
0;62,25
0;64,25
0;65,25
0;66,25
0;70,25
0;77,25
0;83,25
0;84,25
0;85,25
0;87,25
0;89,25
0;90,25
0;92,25
0;93,25
0;95,25
0;96,25
0;98,25
0;99,25
0;101,25
0;102,25
0;104,25
0;105,25
0;107,25
0;108,25
0;110,25
0;111,25
0;113,25
1;129,23
0;116,25
0;118,25
0;119,25
1;136,23
0;122,25
1;159,23
0;145,25
1;53,24
0;44,26
0;46,26
1;70,24
0;56,26
0;57,26
0;61,26
1;77,24
0;65,26
1;81,24
0;73,26
0;74,26
1;95,24
1;96,24
0;82,26
0;87,26
0;95,26
1;111,24
0;99,26
0;101,26
0;105,26
0;107,26
0;115,26
1;132,24
0;120,26
1;144,24
0;130,26
0;143,26
1;159,24
0;146,26
0;34,27
0;35,27
0;37,27
0;41,27
1;57,25
1;59,25
1;64,25
1;67,25
1;68,25
1;69,25
0;58,27
0;59,27
0;67,27
0;72,27
0;73,27
0;82,27
1;98,25
1;99,25
1;102,25
1;103,25
1;105,25
1;111,25
1;117,25
0;103,27
1;124,25
0;110,27
1;129,25
0;115,27
0;119,27
1;138,25
0;124,27
0;129,27
0;136,27
0;137,27
0;147,27
0;149,27
1;47,26
0;34,28
1;54,26
0;42,28
1;59,26
1;63,26
1;64,26
0;55,28
1;73,26
1;74,26
1;79,26
1;80,26
0;67,28
0;71,28
1;87,26
0;75,28
1;92,26
1;99,26
1;101,26
1;106,26
0;92,28
0;96,28
1;113,26
1;115,26
0;103,28
1;119,26
0;106,28
0;110,28
0;111,28
1;132,26
0;118,28
1;139,26
0;126,28
0;127,28
0;139,28
0;145,28
1;161,26
0;28,29
0;31,29
1;50,27
1;51,27
0;38,29
1;55,27
1;57,27
1;59,27
1;60,27
0;47,29
1;67,27
0;54,29
0;60,29
1;76,27
1;88,27
1;89,27
1;92,27
1;95,27
1;99,27
1;101,27
1;103,27
0;94,29
1;110,27
0;101,29
0;102,29
0;104,29
0;112,29
0;113,29
0;119,29
0;125,29
1;141,27
1;142,27
0;138,29
1;154,27
1;156,27
1;157,27
1;159,27
0;147,29
0;26,30
1;42,28
0;28,30
1;44,28
0;31,30
0;35,30
1;54,28
1;55,28
1;61,28
0;48,30
1;64,28
1;66,28
0;57,30
1;73,28
0;59,30
1;86,28
0;72,30
1;95,28
0;88,30
1;105,28
1;106,28
0;98,30
0;100,30
1;116,28
0;104,30
0;108,30
0;109,30
0;110,30
0;117,30
0;121,30
0;122,30
1;147,28
0;133,30
0;143,30
1;159,28
1;38,29
1;40,29
0;29,31
1;47,29
0;35,31
1;62,29
0;48,31
0;52,31
1;69,29
0;58,31
1;76,29
0;64,31
0;69,31
0;70,31
0;83,31
1;99,29
1;104,29
1;107,29
1;109,29
0;97,31
1;117,29
0;103,31
0;104,31
1;120,29
0;106,31
0;115,31
1;131,29
0;118,31
0;125,31
1;141,29
1;152,29
1;153,29
1;154,29
0;146,31
0;147,31
1;163,29
0;19,32
0;22,32
0;23,32
1;39,30
1;40,30
1;41,30
0;28,32
1;46,30
0;33,32
0;34,32
0;40,32
1;56,30
1;58,30
1;59,30
0;52,32
1;68,30
1;69,30
1;84,30
0;70,32
1;95,30
0;82,32
0;83,32
0;88,32
1;104,30
0;93,32
1;109,30
0;98,32
0;99,32
0;107,32
1;127,30
1;128,30
0;115,32
1;144,30
0;130,32
1;150,30
1;155,30
0;141,32
1;160,30
0;150,32
1;32,31
0;18,33
0;19,33
0;23,33
1;40,31
1;45,31
1;47,31
1;52,31
1;55,31
0;42,33
1;59,31
1;62,31
1;65,31
0;52,33
0;54,33
0;60,33
1;77,31
1;79,31
1;82,31
1;84,31
0;70,33
1;90,31
0;77,33
1;100,31
1;102,31
0;89,33
1;109,31
0;95,33
1;114,31
0;102,33
1;118,31
0;108,33
1;124,31
0;111,33
0;118,33
1;134,31
0;120,33
0;127,33
0;128,33
0;134,33
0;135,33
1;151,31
1;157,31
1;159,31
0;13,34
1;32,32
1;35,32
1;37,32
0;25,34
1;42,32
1;43,32
1;44,32
0;33,34
0;38,34
1;54,32
0;48,34
0;60,34
1;79,32
1;80,32
0;68,34
0;73,34
0;78,34
0;83,34
1;102,32
0;88,34
1;104,32
1;106,32
0;93,34
1;112,32
1;113,32
0;103,34
1;119,32
1;122,32
0;110,34
0;114,34
0;115,34
1;135,32
1;137,32
0;124,34
0;129,34
0;130,34
1;157,32
0;143,34
1;26,33
0;12,35
0;13,35
0;15,35
0;20,35
1;36,33
1;37,33
0;29,35
0;30,35
1;47,33
1;49,33
1;52,33
0;45,35
0;46,35
0;52,35
1;71,33
0;58,35
1;80,33
0;67,35
0;73,35
0;79,35
0;81,35
1;98,33
0;85,35
1;104,33
1;114,33
1;115,33
1;121,33
1;122,33
1;123,33
1;135,33
1;137,33
0;126,35
1;145,33
0;132,35
0;136,35
1;155,33
0;141,35
1;161,33
1;162,33
0;7,36
0;14,36
0;19,36
0;20,36
0;21,36
0;25,36
1;41,34
0;29,36
0;34,36
0;36,36
1;56,34
1;57,34
1;59,34
1;68,34
0;54,36
0;60,36
1;76,34
0;67,36
0;68,36
1;89,34
1;91,34
0;81,36
0;82,36
1;99,34
0;86,36
0;87,36
0;88,36
1;108,34
0;95,36
0;104,36
0;105,36
0;110,36
1;126,34
1;127,34
1;141,34
1;142,34
0;132,36
0;138,36
0;144,36
0;146,36
1;165,34
1;20,35
0;6,37
1;24,35
1;25,35
1;31,35
1;34,35
1;36,35
0;22,37
0;26,37
1;43,35
1;45,35
0;34,37
1;50,35
0;38,37
0;39,37
1;57,35
0;45,37
0;55,37
1;79,35
0;65,37
0;72,37
0;73,37
0;80,37
1;98,35
0;85,37
0;87,37
1;107,35
0;93,37
0;96,37
0;101,37
1;118,35
1;121,35
0;117,37
0;118,37
0;127,37
1;143,35
0;129,37
1;157,35
1;16,36
1;19,36
1;20,36
1;25,36
1;26,36
1;31,36
0;18,38
1;41,36
0;29,38
0;32,38
0;35,38
1;52,36
0;39,38
1;55,36
1;56,36
0;43,38
1;61,36
0;48,38
1;64,36
1;66,36
0;53,38
1;95,36
1;103,36
0;90,38
0;91,38
0;93,38
1;110,36
0;97,38
0;101,38
0;103,38
0;106,38
0;107,38
0;114,38
0;128,38
0;133,38
0;134,38
1;157,36
1;161,36
0;148,38
1;164,36
0;-3,39
0;-1,39
0;1,39
0;2,39
0;8,39
1;24,37
1;25,37
1;26,37
1;27,37
1;32,37
0;23,39
0;24,39
1;40,37
1;41,37
0;32,39
1;48,37
1;49,37
0;52,39
0;53,39
1;70,37
0;65,39
1;81,37
0;69,39
0;74,39
0;78,39
0;79,39
1;95,37
1;97,37
0;89,39
0;91,39
0;96,39
0;98,39
0;99,39
1;125,37
0;115,39
1;132,37
1;138,37
1;139,37
0;133,39
0;134,39
0;136,39
1;158,37
1;160,37
1;165,37
0;-5,40
0;-4,40
1;15,38
0;5,40
0;6,40
1;22,38
0;12,40
1;30,38
1;32,38
0;18,40
1;34,38
0;21,40
1;37,38
1;38,38
0;25,40
1;48,38
1;50,38
0;38,40
0;39,40
1;55,38
1;57,38
0;43,40
1;71,38
0;58,40
1;74,38
1;86,38
0;72,40
1;92,38
0;79,40
1;96,38
0;89,40
1;109,38
0;95,40
0;96,40
1;114,38
1;115,38
0;103,40
0;110,40
1;126,38
0;121,40
1;145,38
1;146,38
1;149,38
0;136,40
0;140,40
0;147,40
1;10,39
1;17,39
0;6,41
0;7,41
1;26,39
0;13,41
0;24,41
0;31,41
0;34,41
0;39,41
0;42,41
0;44,41
0;50,41
1;74,39
0;64,41
0;65,41
1;85,39
0;76,41
1;92,39
1;94,39
1;97,39
1;99,39
1;103,39
0;91,41
0;92,41
0;94,41
0;96,41
1;114,39
0;110,41
0;111,41
1;130,39
1;131,39
0;118,41
0;131,41
1;148,39
1;149,39
0;136,41
0;141,41
1;6,40
0;-7,42
0;-3,42
1;14,40
1;15,40
1;18,40
0;5,42
0;10,42
0;11,42
0;15,42
1;32,40
1;37,40
1;49,40
1;50,40
0;36,42
0;42,42
0;43,42
0;44,42
1;63,40
0;52,42
0;53,42
1;81,40
1;82,40
1;84,40
0;78,42
0;79,42
1;96,40
0;88,42
0;90,42
0;92,42
0;94,42
0;99,42
0;107,42
1;123,40
0;109,42
0;112,42
1;128,40
0;117,42
0;122,42
0;124,42
1;149,40
1;151,40
0;137,42
0;150,42
1;2,41
1;4,41
0;-9,43
1;10,41
1;15,41
0;1,43
0;2,43
1;18,41
0;6,43
1;25,41
0;17,43
0;18,43
1;38,41
1;39,41
1;40,41
1;42,41
0;36,43
1;53,41
0;40,43
1;59,41
0;46,43
1;75,41
0;61,43
0;62,43
1;82,41
0;69,43
0;74,43
0;76,43
1;92,41
0;80,43
0;82,43
0;83,43
1;103,41
0;94,43
0;96,43
1;116,41
0;102,43
0;103,43
1;119,41
0;105,43
1;126,41
0;120,43
1;137,41
1;138,41
1;141,41
0;128,43
0;137,43
0;139,43
0;147,43
1;-2,42
0;-13,44
1;3,42
1;7,42
0;-5,44
1;11,42
1;15,42
1;22,42
0;12,44
0;14,44
0;23,44
0;28,44
1;48,42
1;69,42
1;72,42
0;60,44
1;77,42
1;85,42
0;71,44
0;73,44
0;78,44
1;99,42
1;103,42
0;89,44
0;91,44
1;110,42
1;111,42
0;103,44
0;108,44
0;109,44
0;110,44
1;130,42
1;143,42
1;144,42
0;134,44
0;140,44
0;142,44
1;159,42
1;161,42
1;164,42
1;-6,43
0;-19,45
0;-16,45
1;1,43
0;-12,45
0;-11,45
0;-10,45
1;14,43
1;19,43
1;23,43
0;10,45
1;26,43
0;21,45
0;23,45
1;41,43
0;28,45
1;44,43
0;35,45
0;40,45
0;41,45
1;57,43
1;61,43
1;73,43
1;76,43
1;78,43
1;85,43
1;86,43
1;89,43
0;76,45
0;79,45
1;98,43
1;100,43
0;86,45
0;89,45
1;112,43
0;100,45
0;110,45
0;117,45
1;138,43
0;124,45
1;140,43
0;131,45
0;133,45
0;135,45
0;136,45
1;159,43
0;150,45
0;-25,46
1;-8,44
0;-22,46
1;-3,44
1;0,44
0;-12,46
1;12,44
1;13,44
1;14,44
1;15,44
0;3,46
0;7,46
1;30,44
0;20,46
0;21,46
0;22,46
0;23,46
1;47,44
0;34,46
0;39,46
0;42,46
1;58,44
0;54,46
1;76,44
1;77,44
1;78,44
1;80,44
1;83,44
1;85,44
0;79,46
0;80,46
1;99,44
0;85,46
1;101,44
0;87,46
1;103,44
1;104,44
1;113,44
1;116,44
1;117,44
0;105,46
1;125,44
1;126,44
0;120,46
1;147,44
1;148,44
0;142,46
1;159,44
1;160,44
1;-11,45
0;-24,47
1;-8,45
0;-21,47
1;-3,45
0;-17,47
1;1,45
1;2,45
0;-11,47
1;11,45
0;-3,47
0;-2,47
0;5,47
0;15,47
0;16,47
1;36,45
1;38,45
0;26,47
0;28,47
1;49,45
0;36,47
1;55,45
1;56,45
0;45,47
1;64,45
0;51,47
0;52,47
0;58,47
1;74,45
1;84,45
1;86,45
0;72,47
1;92,45
0;84,47
1;101,45
0;87,47
0;90,47
1;106,45
1;109,45
0;97,47
1;116,45
1;117,45
1;118,45
1;119,45
0;105,47
1;128,45
1;130,45
1;134,45
0;121,47
1;150,45
1;151,45
1;154,45
0;145,47
1;161,45
0;147,47
1;-13,46
1;-12,46
1;-11,46
1;-6,46
1;-4,46
0;-14,48
0;-9,48
0;-5,48
0;-4,48
0;-3,48
1;17,46
0;7,48
0;12,48
0;13,48
1;29,46
0;16,48
0;17,48
1;46,46
1;49,46
0;36,48
0;39,48
0;43,48
0;44,48
1;63,46
0;51,48
0;55,48
1;72,46
0;59,48
1;76,46
0;63,48
1;88,46
1;90,46
1;91,46
0;82,48
1;98,46
0;86,48
1;102,46
1;111,46
1;113,46
1;117,46
0;108,48
0;109,48
1;133,46
0;120,48
1;137,46
0;125,48
1;143,46
1;146,46
1;148,46
1;149,46
1;154,46
1;157,46
1;158,46
0;145,48
0;-29,49
0;-26,49
0;-25,49
1;-9,47
1;-5,47
1;-1,47
1;0,47
0;-7,49
0;-4,49
0;-3,49
0;-2,49
1;18,47
1;28,47
0;17,49
0;19,49
0;21,49
0;22,49
0;27,49
1;44,47
0;31,49
1;51,47
0;45,49
1;66,47
1;67,47
1;69,47
0;57,49
1;73,47
1;78,47
1;83,47
1;85,47
1;87,47
1;93,47
0;79,49
1;102,47
0;96,49
1;114,47
0;106,49
1;123,47
1;125,47
1;130,47
0;117,49
1;134,47
1;137,47
1;139,47
1;141,47
1;147,47
1;151,47
0;138,49
0;148,49
1;164,47
1;-13,48
1;-6,48
1;-5,48
0;-19,50
1;1,48
0;-8,50
1;10,48
0;0,50
1;19,48
0;9,50
0;10,50
0;15,50
0;18,50
0;23,50
1;39,48
1;43,48
1;44,48
0;31,50
0;36,50
1;57,48
0;49,50
0;50,50
1;66,48
0;60,50
1;81,48
1;82,48
0;75,50
1;91,48
0;77,50
1;96,48
1;98,48
1;101,48
0;88,50
1;109,48
1;115,48
1;116,48
1;117,48
1;118,48
1;119,48
1;128,48
1;129,48
1;134,48
1;139,48
0;125,50
1;145,48
1;146,48
0;134,50
0;144,50
0;145,50
0;-27,51
0;-26,51
1;-8,49
1;1,49
1;3,49
0;-9,51
0;-6,51
0;-4,51
0;-2,51
0;2,51
0;9,51
0;10,51
0;12,51
1;31,49
0;26,51
1;42,49
1;44,49
1;52,49
1;56,49
0;42,51
0;48,51
1;65,49
0;51,51
0;52,51
0;57,51
1;77,49
1;80,49
0;67,51
1;84,49
1;89,49
1;91,49
1;99,49
0;86,51
0;90,51
1;106,49
0;92,51
1;113,49
0;101,51
1;118,49
0;105,51
1;126,49
0;113,51
1;129,49
1;131,49
0;122,51
0;123,51
0;129,51
1;150,49
1;151,49
1;152,49
0;146,51
0;147,51
0;-29,52
0;-28,52
0;-23,52
0;-16,52
0;-15,52
0;-14,52
1;5,50
1;11,50
1;15,50
0;6,52
1;22,50
0;12,52
1;28,50
0;14,52
0;17,52
1;39,50
0;25,52
0;33,52
0;35,52
0;42,52
1;58,50
0;49,52
1;71,50
0;57,52
1;76,50
0;63,52
0;68,52
1;85,50
1;87,50
1;88,50
1;90,50
0;78,52
0;84,52
1;102,50
1;103,50
1;112,50
1;114,50
1;122,50
1;127,50
0;113,52
1;134,50
1;135,50
1;136,50
1;139,50
0;126,52
1;142,50
0;130,52
1;149,50
0;136,52
1;152,50
0;140,52
0;145,52
0;146,52
0;-29,53
1;-12,51
0;-26,53
0;-24,53
0;-20,53
0;-18,53
0;-14,53
0;-12,53
0;-10,53
1;13,51
0;-1,53
1;15,51
0;3,53
1;28,51
0;14,53
1;30,51
0;18,53
1;39,51
1;46,51
0;33,53
0;39,53
0;41,53
0;43,53
0;45,53
0;47,53
1;66,51
1;67,51
0;53,53
0;55,53
0;56,53
1;78,51
1;79,51
0;65,53
1;84,51
1;85,51
1;87,51
0;74,53
1;101,51
1;102,51
0;90,53
1;106,51
1;120,51
0;106,53
0;109,53
1;128,51
0;114,53
1;134,51
0;121,53
0;122,53
0;125,53
0;132,53
1;156,51
0;142,53
0;-26,54
0;-24,54
1;-8,52
1;-4,52
0;-17,54
0;-10,54
1;6,52
1;9,52
0;0,54
1;21,52
0;10,54
0;11,54
1;30,52
0;16,54
0;17,54
0;22,54
1;40,52
1;41,52
0;27,54
0;29,54
0;31,54
1;48,52
0;39,54
1;55,52
1;66,52
1;68,52
0;54,54
1;78,52
0;65,54
0;66,54
0;71,54
1;87,52
1;90,52
1;92,52
0;79,54
0;85,54
1;102,52
1;104,52
0;98,54
1;114,52
1;121,52
0;107,54
0;115,54
0;116,54
0;120,54
0;121,54
0;130,54
1;147,52
1;154,52
0;141,54
1;161,52
0;147,54
1;-13,53
0;-27,55
1;-11,53
1;-5,53
0;-18,55
0;-15,55
1;6,53
1;7,53
0;-7,55
0;-5,55
1;12,53
1;13,53
1;19,53
0;7,55
1;24,53
0;18,55
1;34,53
0;29,55
1;48,53
0;35,55
1;53,53
1;54,53
0;41,55
1;60,53
1;61,53
1;64,53
0;55,55
0;56,55
1;76,53
0;62,55
1;90,53
1;93,53
0;80,55
0;84,55
0;87,55
1;103,53
1;104,53
0;96,55
1;112,53
0;98,55
1;121,53
1;122,53
0;109,55
1;126,53
1;127,53
0;117,55
0;118,55
0;128,55
1;144,53
1;146,53
0;144,55
0;145,55
1;161,53
1;-14,54
0;-28,56
0;-27,56
1;-8,54
0;-20,56
1;-3,54
0;-14,56
1;2,54
1;5,54
1;7,54
0;-5,56
1;19,54
0;9,56
0;14,56
1;30,54
1;33,54
1;34,54
0;29,56
0;31,56
0;34,56
1;51,54
1;53,54
0;43,56
1;59,54
0;48,56
1;71,54
1;77,54
1;83,54
0;69,56
0;72,56
0;79,56
0;80,56
0;83,56
0;90,56
1;109,54
0;105,56
1;121,54
1;122,54
0;112,56
0;115,56
0;128,56
1;145,54
1;148,54
1;149,54
0;136,56
1;161,54
0;147,56
1;163,54
0;-29,57
1;-11,55
0;-24,57
0;-23,57
0;-17,57
0;-15,57
0;-13,57
1;5,55
1;8,55
0;-5,57
0;-4,57
1;12,55
1;15,55
0;3,57
0;5,57
0;6,57
0;11,57
1;27,55
1;33,55
0;19,57
0;20,57
0;21,57
0;33,57
1;50,55
0;38,57
1;54,55
1;68,55
0;54,57
0;57,57
0;58,57
0;60,57
1;82,55
0;74,57
0;75,57
1;91,55
0;82,57
1;103,55
0;90,57
0;92,57
1;108,55
0;95,57
0;99,57
0;109,57
0;111,57
1;130,55
1;131,55
0;125,57
0;126,57
1;150,55
0;137,57
0;138,57
1;160,55
1;162,55
1;163,55
0;-25,58
1;-8,56
0;-19,58
0;-17,58
1;-1,56
1;0,56
1;1,56
0;-7,58
1;14,56
0;0,58
0;2,58
1;19,56
0;5,58
0;11,58
0;12,58
1;29,56
1;31,56
0;17,58
0;24,58
0;25,58
1;46,56
0;32,58
1;53,56
1;64,56
1;66,56
1;68,56
1;75,56
0;62,58
1;79,56
1;80,56
0;67,58
0;83,58
1;99,56
0;86,58
0;87,58
1;109,56
0;98,58
1;114,56
1;115,56
0;110,58
0;111,58
0;112,58
1;140,56
1;141,56
1;142,56
0;134,58
1;150,56
1;154,56
0;141,58
0;149,58
1;165,56
1;-13,57
0;-26,59
0;-25,59
0;-22,59
1;-6,57
1;2,57
0;-11,59
1;6,57
1;8,57
0;-6,59
0;-3,59
1;13,57
1;14,57
1;21,57
1;23,57
0;10,59
0;12,59
0;13,59
1;32,57
0;18,59
0;20,59
1;36,57
1;45,57
0;32,59
1;57,57
1;58,57
1;59,57
0;51,59
0;57,59
1;82,57
1;83,57
1;85,57
0;72,59
1;89,57
0;77,59
0;78,59
1;100,57
1;101,57
1;102,57
0;91,59
1;108,57
1;110,57
0;96,59
1;113,57
0;100,59
1;124,57
1;125,57
1;129,57
0;115,59
0;119,59
0;120,59
0;130,59
0;131,59
1;153,57
1;155,57
1;-14,58
1;-10,58
0;-24,60
0;-23,60
1;-6,58
0;-19,60
0;-14,60
1;7,58
1;8,58
0;-2,60
0;0,60
0;1,60
0;2,60
1;28,58
1;29,58
1;31,58
0;19,60
1;39,58
1;41,58
1;42,58
1;46,58
1;47,58
0;39,60
0;40,60
1;59,58
0;56,60
1;72,58
1;77,58
1;78,58
1;79,58
1;86,58
0;73,60
0;79,60
1;95,58
1;96,58
0;82,60
0;88,60
1;104,58
1;113,58
1;115,58
1;116,58
1;117,58
0;104,60
1;127,58
0;113,60
0;119,60
0;120,60
0;121,60
0;124,60
0;126,60
1;148,58
0;135,60
1;151,58
1;153,58
1;154,58
1;155,58
1;-13,59
1;-12,59
0;-24,61
1;-6,59
0;-19,61
0;-14,61
0;-11,61
0;-10,61
0;-6,61
0;0,61
1;19,59
0;5,61
0;7,61
0;12,61
1;29,59
1;35,59
0;21,61
0;23,61
1;39,59
1;41,59
1;49,59
1;51,59
0;37,61
0;41,61
0;43,61
1;59,59
0;49,61
0;50,61
0;55,61
0;62,61
0;63,61
1;79,59
0;65,61
1;90,59
0;87,61
0;88,61
1;106,59
0;92,61
0;99,61
1;115,59
0;106,61
0;110,61
1;126,59
1;127,59
0;115,61
1;131,59
1;133,59
0;119,61
1;136,59
1;137,59
1;141,59
0;128,61
0;136,61
1;152,59
0;-28,62
0;-27,62
1;-11,60
0;-25,62
1;-8,60
1;-6,60
1;-5,60
1;-4,60
0;-16,62
1;5,60
0;-8,62
1;11,60
1;25,60
0;14,62
0;15,62
0;16,62
0;24,62
0;26,62
1;48,60
0;38,62
1;54,60
1;60,60
0;46,62
1;67,60
0;53,62
0;54,62
0;56,62
1;77,60
1;79,60
1;80,60
1;81,60
0;67,62
0;68,62
1;87,60
1;89,60
0;76,62
0;77,62
0;87,62
1;120,60
0;107,62
1;127,60
1;129,60
1;131,60
0;119,62
1;136,60
1;138,60
0;125,62
0;129,62
0;131,62
1;155,60
1;156,60
0;142,62
1;159,60
1;-14,61
1;-9,61
1;-8,61
0;-22,63
1;-6,61
0;-18,63
0;-11,63
1;6,61
0;-7,63
0;-2,63
0;-1,63
1;15,61
0;4,63
0;6,63
0;7,63
1;30,61
1;32,61
0;18,63
1;38,61
1;41,61
0;28,63
0;29,63
0;35,63
1;52,61
0;39,63
1;58,61
1;60,61
0;51,63
0;63,63
1;84,61
0;70,63
1;86,61
0;74,63
0;78,63
1;94,61
0;85,63
0;86,63
1;107,61
1;114,61
1;115,61
0;104,63
0;109,63
0;110,63
0;112,63
1;128,61
1;133,61
1;134,61
1;143,61
1;144,61
1;151,61
0;137,63
1;157,61
1;159,61
0;145,63
1;-14,62
0;-28,64
0;-27,64
1;-9,62
1;-6,62
0;-19,64
0;-17,64
0;-15,64
1;4,62
1;6,62
0;-8,64
1;11,62
0;-3,64
0;-1,64
0;1,64
1;18,62
1;23,62
0;9,64
1;33,62
0;32,64
0;33,64
0;36,64
1;59,62
0;46,64
0;47,64
1;72,62
0;59,64
1;75,62
1;80,62
1;81,62
1;86,62
0;73,64
0;74,64
0;79,64
0;80,64
0;82,64
1;106,62
0;93,64
1;111,62
1;113,62
1;115,62
0;102,64
0;104,64
0;110,64
1;126,62
1;131,62
0;117,64
1;136,62
1;137,62
1;145,62
0;132,64
0;139,64
0;140,64
0;149,64
0;-26,65
0;-25,65
0;-24,65
1;1,63
1;2,63
1;3,63
1;9,63
1;12,63
1;13,63
0;3,65
1;25,63
1;26,63
1;32,63
1;35,63
0;22,65
1;40,63
0;27,65
0;28,65
1;47,63
1;48,63
1;50,63
1;52,63
0;40,65
0;48,65
1;64,63
1;66,63
1;75,63
1;76,63
1;78,63
0;65,65
0;71,65
1;91,63
1;96,63
0;83,65
1;107,63
0;93,65
0;99,65
1;115,63
0;103,65
1;120,63
0;107,65
0;108,65
0;109,65
0;111,65
0;113,65
0;116,65
0;117,65
1;133,63
1;136,63
1;139,63
1;140,63
1;152,63
1;153,63
1;-12,64
1;-9,64
1;-1,64
0;-11,66
1;6,64
1;9,64
0;-4,66
1;15,64
0;3,66
1;20,64
0;13,66
1;31,64
1;33,64
1;34,64
0;26,66
0;31,66
1;48,64
1;50,64
1;52,64
1;59,64
0;46,66
0;47,66
1;68,64
0;54,66
0;55,66
1;74,64
1;77,64
1;79,64
0;65,66
0;66,66
0;74,66
0;75,66
0;81,66
1;102,64
1;103,64
1;113,64
1;114,64
1;121,64
1;122,64
1;123,64
1;124,64
1;131,64
1;132,64
0;119,66
1;141,64
1;142,64
1;147,64
0;134,66
1;151,64
1;156,64
1;164,64
1;165,64
1;-13,65
0;-25,67
1;-9,65
0;-23,67
1;-4,65
0;-17,67
1;2,65
0;-11,67
1;8,65
0;-4,67
0;-2,67
1;22,65
1;23,65
0;10,67
1;26,65
0;13,67
0;14,67
0;20,67
0;22,67
0;24,67
0;26,67
0;32,67
1;48,65
0;41,67
0;42,67
0;48,67
0;50,67
0;52,67
0;54,67
1;71,65
0;58,67
1;83,65
0;75,67
0;77,67
0;79,67
1;95,65
0;83,67
0;84,67
0;90,67
0;96,67
0;101,67
1;120,65
0;106,67
0;116,67
1;132,65
0;120,67
1;137,65
1;138,65
1;148,65
0;135,67
1;152,65
1;157,65
0;144,67
1;-14,66
1;-13,66
1;-12,66
1;-10,66
1;-6,66
0;-18,68
0;-17,68
0;-16,68
1;4,66
0;-6,68
1;10,66
1;15,66
0;1,68
1;23,66
0;9,68
0;17,68
0;23,68
1;40,66
1;41,66
1;42,66
0;35,68
1;51,66
1;54,66
0;41,68
0;47,68
1;64,66
1;71,66
1;75,66
0;62,68
1;79,66
1;81,66
0;68,68
1;89,66
0;77,68
1;93,66
1;101,66
0;89,68
0;90,68
1;116,66
1;117,66
0;107,68
1;123,66
0;112,68
1;136,66
1;138,66
1;139,66
1;149,66
0;135,68
1;154,66
1;158,66
1;159,66
0;147,68
1;-14,67
1;-12,67
1;-11,67
1;-9,67
0;-22,69
1;-3,67
1;4,67
0;-10,69
1;8,67
0;-6,69
1;13,67
1;14,67
0;2,69
0;7,69
0;8,69
1;25,67
0;13,69
1;30,67
0;31,69
0;32,69
0;33,69
0;42,69
1;58,67
0;47,69
0;49,69
0;56,69
0;57,69
0;66,69
0;67,69
0;70,69
1;87,67
0;82,69
1;101,67
0;87,69
1;105,67
0;92,69
1;108,67
1;110,67
1;112,67
0;104,69
1;121,67
0;110,69
0;111,69
1;139,67
0;125,69
0;126,69
1;146,67
1;147,67
0;137,69
1;153,67
1;156,67
1;163,67
0;-29,70
1;-12,68
0;-23,70
0;-22,70
1;-4,68
0;-17,70
1;5,68
1;6,68
0;-5,70
0;-2,70
0;0,70
0;2,70
1;18,68
1;26,68
1;28,68
0;20,70
0;24,70
1;40,68
0;27,70
0;32,70
0;35,70
0;36,70
0;44,70
0;46,70
1;63,68
0;60,70
1;76,68
0;65,70
0;68,70
0;70,70
0;79,70
0;80,70
0;82,70
0;87,70
1;108,68
0;95,70
0;96,70
0;98,70
1;114,68
0;105,70
0;109,70
1;125,68
1;127,68
0;120,70
1;137,68
1;138,68
0;133,70
1;154,68
0;140,70
1;160,68
1;-14,69
1;-12,69
1;-10,69
0;-20,71
1;-3,69
1;-1,69
0;-14,71
1;7,69
1;11,69
0;0,71
0;4,71
1;20,69
0;7,71
0;14,71
1;30,69
0;16,71
0;18,71
1;35,69
0;25,71
0;26,71
1;51,69
0;38,71
1;57,69
1;59,69
1;61,69
0;47,71
1;72,69
0;58,71
0;63,71
1;80,69
0;76,71
1;93,69
0;84,71
0;86,71
0;87,71
1;104,69
0;92,71
1;109,69
0;97,71
0;98,71
0;104,71
1;128,69
0;116,71
1;132,69
0;120,71
1;143,69
0;129,71
0;136,71
1;152,69
1;156,69
0;-28,72
1;-5,70
1;-4,70
0;-17,72
0;-15,72
0;-10,72
0;-9,72
0;-5,72
0;0,72
0;1,72
0;10,72
1;27,70
0;14,72
0;18,72
0;19,72
1;35,70
0;26,72
0;28,72
0;33,72
0;38,72
0;43,72
0;44,72
1;61,70
0;47,72
0;50,72
0;52,72
1;70,70
0;61,72
1;78,70
0;70,72
0;71,72
0;72,72
1;95,70
0;82,72
1;98,70
1;101,70
0;88,72
1;107,70
1;108,70
0;95,72
1;119,70
1;121,70
0;113,72
1;130,70
1;131,70
1;142,70
0;130,72
0;132,72
0;142,72
1;158,70
1;159,70
0;149,72
1;-11,71
0;-23,73
0;-21,73
1;0,71
1;1,71
0;-11,73
0;-8,73
0;-5,73
1;11,71
0;3,73
1;20,71
0;8,73
1;27,71
1;32,71
0;19,73
1;38,71
1;39,71
1;42,71
0;29,73
0;31,73
0;38,73
1;54,71
1;63,71
0;49,73
0;53,73
1;82,71
0;69,73
0;71,73
0;73,73
0;80,73
1;102,71
1;105,71
0;92,73
1;112,71
0;98,73
0;102,73
0;107,73
0;115,73
1;131,71
0;124,73
1;148,71
1;149,71
0;136,73
0;137,73
0;-28,74
0;-26,74
1;-10,72
1;-9,72
0;-19,74
1;1,72
1;2,72
1;7,72
1;9,72
1;10,72
0;1,74
1;20,72
0;6,74
0;17,74
1;33,72
0;21,74
1;38,72
1;45,72
1;50,72
0;37,74
0;39,74
0;40,74
1;57,72
1;60,72
1;62,72
0;48,74
0;51,74
0;58,74
1;74,72
0;61,74
0;66,74
0;67,74
0;68,74
0;78,74
1;94,72
0;82,74
1;98,72
1;102,72
1;104,72
0;90,74
1;110,72
0;96,74
0;101,74
0;102,74
0;116,74
1;133,72
1;136,72
1;137,72
1;147,72
1;148,72
1;150,72
1;155,72
0;144,74
0;146,74
0;-29,75
0;-27,75
0;-24,75
0;-23,75
0;-21,75
1;0,73
0;-13,75
0;-9,75
1;7,73
1;12,73
1;17,73
1;29,73
0;15,75
1;31,73
1;33,73
0;20,75
0;24,75
0;26,75
1;43,73
0;34,75
0;40,75
0;51,75
0;53,75
1;69,73
1;74,73
1;75,73
0;61,75
1;79,73
1;85,73
0;73,75
0;74,75
0;79,75
1;95,73
1;98,73
0;85,75
1;106,73
1;107,73
1;108,73
0;101,75
1;118,73
0;105,75
0;106,75
1;133,73
1;134,73
0;127,75
1;144,73
1;146,73
0;138,75
0;139,75
1;159,73
1;161,73
1;162,73
0;-29,76
1;-10,74
1;-4,74
1;-2,74
0;-16,76
0;-11,76
0;-10,76
0;-9,76
0;-2,76
1;14,74
1;17,74
1;22,74
0;8,76
0;15,76
1;34,74
1;43,74
1;44,74
1;50,74
1;51,74
1;56,74
0;42,76
0;43,76
1;59,74
0;47,76
0;49,76
0;55,76
0;61,76
0;62,76
1;84,74
0;70,76
0;80,76
0;82,76
1;101,74
0;88,76
0;89,76
1;108,74
0;94,76
0;97,76
0;98,76
0;99,76
1;119,74
0;109,76
0;113,76
1;129,74
0;117,76
0;118,76
1;135,74
1;144,74
0;130,76
0;135,76
0;136,76
0;142,76
1;-10,75
1;-9,75
1;-8,75
1;-7,75
1;-4,75
1;1,75
0;-13,77
0;-12,77
1;10,75
0;-4,77
1;18,75
1;19,75
0;5,77
0;11,77
0;16,77
1;35,75
0;22,77
1;39,75
1;41,75
1;43,75
1;44,75
0;32,77
0;33,77
1;58,75
0;44,77
0;48,77
1;76,75
0;65,77
0;66,77
1;82,75
1;91,75
1;99,75
0;85,77
0;87,77
1;103,75
1;106,75
1;108,75
1;110,75
1;118,75
1;119,75
0;105,77
1;121,75
0;108,77
0;113,77
1;129,75
1;138,75
1;139,75
0;125,77
1;147,75
1;148,75
0;144,77
0;145,77
0;146,77
1;-14,76
1;-12,76
0;-25,78
1;-5,76
0;-15,78
0;-14,78
0;-8,78
0;3,78
0;7,78
1;27,76
1;31,76
1;33,76
0;19,78
0;22,78
0;23,78
1;42,76
0;30,78
0;37,78
1;54,76
0;41,78
0;43,78
0;44,78
0;45,78
0;51,78
0;52,78
0;53,78
1;71,76
0;58,78
0;60,78
1;76,76
1;79,76
1;81,76
0;68,78
1;84,76
1;87,76
1;89,76
0;76,78
0;77,78
0;91,78
1;107,76
0;94,78
1;131,76
0;121,78
1;143,76
1;144,76
0;130,78
0;135,78
1;151,76
1;156,76
0;145,78
1;161,76
0;-28,79
1;-12,77
0;-26,79
1;6,77
0;-8,79
1;10,77
1;13,77
1;14,77
1;15,77
1;20,77
0;7,79
0;15,79
0;16,79
0;19,79
1;38,77
1;39,77
1;40,77
0;28,79
1;48,77
0;35,79
0;41,79
0;42,79
0;49,79
1;65,77
0;51,79
1;72,77
0;58,79
1;77,77
1;79,77
1;82,77
1;90,77
1;93,77
0;80,79
1;100,77
0;86,79
1;108,77
0;101,79
1;117,77
1;122,77
0;108,79
0;111,79
1;132,77
0;120,79
0;122,79
0;130,79
1;146,77
1;147,77
0;139,79
1;155,77
0;143,79
1;159,77
1;-14,78
1;-13,78
1;-12,78
1;-6,78
1;-5,78
1;-4,78
0;-14,80
0;-12,80
0;-10,80
0;-7,80
1;10,78
1;14,78
0;2,80
1;24,78
1;28,78
1;30,78
0;17,80
1;33,78
0;24,80
0;26,80
0;29,80
0;30,80
0;37,80
1;53,78
1;60,78
0;47,80
0;55,80
1;71,78
0;59,80
1;75,78
1;77,78
1;79,78
1;85,78
1;94,78
1;98,78
0;84,80
1;106,78
0;95,80
1;117,78
0;104,80
0;108,80
0;116,80
0;121,80
0;122,80
0;130,80
0;132,80
0;138,80
0;139,80
0;141,80
0;149,80
0;150,80
1;-14,79
1;-13,79
0;-22,81
1;-5,79
0;-15,81
1;1,79
1;4,79
0;-6,81
0;-3,81
1;18,79
0;4,81
1;22,79
1;23,79
0;9,81
1;28,79
0;20,81
1;37,79
0;38,81
0;40,81
1;56,79
0;48,81
0;51,81
0;59,81
0;62,81
0;63,81
1;79,79
0;68,81
0;69,81
0;77,81
0;78,81
1;94,79
1;102,79
0;88,81
0;92,81
1;108,79
1;116,79
0;103,81
0;106,81
1;129,79
0;115,81
0;120,81
0;122,81
1;143,79
1;145,79
1;152,79
1;153,79
1;154,79
1;165,79
0;-28,82
0;-27,82
1;-11,80
0;-22,82
1;-6,80
0;-19,82
0;-14,82
0;-13,82
1;4,80
1;5,80
0;-8,82
0;-3,82
0;-1,82
0;0,82
1;16,80
1;17,80
0;17,82
0;18,82
1;40,80
1;41,80
1;49,80
0;37,82
1;54,80
0;43,82
0;44,82
1;62,80
0;48,82
0;53,82
0;55,82
0;59,82
1;75,80
1;76,80
0;66,82
1;82,80
0;68,82
0;80,82
1;97,80
0;84,82
1;104,80
1;111,80
0;97,82
0;102,82
0;104,82
0;105,82
0;113,82
0;119,82
0;120,82
1;139,80
0;130,82
1;153,80
0;140,82
1;157,80
1;163,80
0;-29,83
1;-13,81
1;-12,81
1;-11,81
1;-10,81
0;-23,83
1;-4,81
0;-13,83
0;-11,83
1;6,81
1;10,81
1;13,81
0;0,83
0;4,83
1;20,81
1;27,81
1;31,81
1;32,81
1;49,81
0;37,83
1;54,81
1;59,81
1;61,81
0;47,83
1;64,81
0;52,83
1;68,81
0;56,83
0;63,83
0;65,83
0;67,83
1;88,81
0;75,83
0;86,83
1;102,81
1;103,81
1;105,81
1;108,81
1;119,81
0;106,83
1;122,81
1;129,81
1;131,81
0;119,83
1;136,81
1;139,81
1;141,81
1;148,81
1;150,81
0;137,83
1;157,81
0;143,83
0;144,83
1;-14,82
1;-12,82
1;-10,82
1;-5,82
0;-19,84
1;-3,82
1;-1,82
0;-13,84
1;3,82
0;-11,84
0;-9,84
0;-6,84
1;10,82
0;9,84
0;22,84
1;39,82
0;29,84
1;45,82
0;32,84
1;48,82
0;36,84
0;37,84
0;42,84
0;44,84
1;61,82
0;49,84
1;65,82
1;68,82
0;56,84
0;70,84
0;71,84
0;80,84
0;82,84
1;98,82
1;107,82
1;110,82
0;98,84
1;118,82
0;109,84
0;111,84
0;113,84
1;136,82
0;123,84
1;143,82
0;129,84
0;130,84
1;148,82
0;135,84
0;140,84
0;145,84
0;146,84
1;162,82
1;-9,83
0;-23,85
0;-15,85
0;-13,85
0;-12,85
0;-5,85
1;11,83
0;3,85
0;4,85
0;5,85
1;24,83
0;11,85
0;13,85
0;14,85
0;18,85
0;20,85
0;23,85
1;46,83
0;32,85
0;39,85
1;56,83
1;57,83
0;50,85
0;52,85
0;59,85
0;61,85
1;77,83
1;79,83
1;82,83
1;84,83
0;71,85
1;87,83
1;90,83
0;76,85
1;97,83
1;99,83
0;86,85
0;100,85
1;123,83
0;109,85
1;126,83
1;127,83
0;114,85
0;120,85
1;136,83
0;124,85
0;129,85
0;136,85
0;143,85
0;144,85
1;163,83
1;-12,84
1;-11,84
0;-25,86
0;-24,86
1;-8,84
1;-7,84
0;-17,86
1;3,84
1;4,84
1;5,84
0;-9,86
1;7,84
1;8,84
1;13,84
0;-1,86
1;21,84
0;7,86
0;11,86
1;27,84
0;14,86
0;23,86
0;25,86
0;26,86
0;28,86
1;53,84
1;54,84
0;40,86
0;44,86
1;60,84
1;66,84
0;54,86
0;55,86
1;75,84
0;62,86
1;80,84
0;68,86
0;77,86
1;94,84
1;95,84
1;106,84
0;100,86
0;101,86
1;125,84
1;127,84
0;113,86
1;131,84
1;132,84
0;123,86
0;124,86
1;146,84
0;133,86
0;138,86
0;140,86
1;163,84
1;-13,85
0;-27,87
0;-24,87
1;-6,85
0;-16,87
0;-14,87
0;-13,87
0;-12,87
0;-6,87
1;13,85
1;14,85
0;0,87
1;16,85
0;4,87
0;6,87
1;22,85
1;33,85
1;34,85
0;31,87
1;47,85
1;52,85
0;38,87
0;43,87
0;45,87
0;48,87
0;49,87
0;56,87
1;73,85
0;60,87
1;82,85
0;69,87
0;73,87
0;75,87
0;77,87
1;97,85
1;101,85
0;88,87
0;90,87
1;106,85
0;94,87
0;100,87
1;117,85
1;119,85
1;122,85
0;109,87
0;115,87
0;116,87
0;117,87
1;143,85
1;146,85
1;148,85
1;149,85
1;156,85
0;143,87
0;149,87
1;165,85
0;-29,88
0;-28,88
1;-12,86
0;-25,88
1;-6,86
1;-1,86
0;-14,88
0;-13,88
1;5,86
1;6,86
1;7,86
1;18,86
0;4,88
0;5,88
1;22,86
1;23,86
0;15,88
0;23,88
1;39,86
0;25,88
1;49,86
1;51,86
1;56,86
0;43,88
0;44,88
1;60,86
0;48,88
0;49,88
1;70,86
1;71,86
1;74,86
0;66,88
0;67,88
1;83,86
0;69,88
1;95,86
0;81,88
1;101,86
0;87,88
0;93,88
1;109,86
0;95,88
1;116,86
1;117,86
0;103,88
0;105,88
0;106,88
1;124,86
0;111,88
0;112,88
1;133,86
0;119,88
0;125,88
0;126,88
0;136,88
0;137,88
1;160,86
0;147,88
1;-13,87
1;-12,87
1;-10,87
1;-5,87
1;1,87
1;4,87
0;-8,89
1;9,87
0;-3,89
0;5,89
1;22,87
0;8,89
1;25,87
0;20,89
1;37,87
0;23,89
0;26,89
0;33,89
0;34,89
1;50,87
0;42,89
0;43,89
0;46,89
0;47,89
1;63,87
0;50,89
0;51,89
0;53,89
1;71,87
0;58,89
1;82,87
1;83,87
0;84,89
1;100,87
0;86,89
0;89,89
1;106,87
1;108,87
1;111,87
1;114,87
0;102,89
1;119,87
1;124,87
1;125,87
1;126,87
0;114,89
0;115,89
1;142,87
0;128,89
1;149,87
1;151,87
1;155,87
1;156,87
0;143,89
0;150,89
0;-26,90
1;-8,88
1;-7,88
1;-5,88
0;-17,90
0;-16,90
1;3,88
1;4,88
1;6,88
1;7,88
0;-3,90
1;14,88
1;17,88
1;19,88
0;6,90
0;18,90
1;34,88
0;27,90
0;28,90
1;51,88
1;52,88
1;54,88
1;60,88
0;50,90
1;73,88
0;61,90
1;77,88
1;78,88
1;81,88
0;70,90
1;87,88
1;90,88
1;91,88
0;77,90
0;80,90
0;84,90
0;86,90
1;109,88
1;119,88
1;120,88
1;126,88
1;127,88
1;129,88
0;118,90
1;135,88
1;136,88
1;145,88
1;147,88
0;138,90
0;139,90
1;155,88
0;-28,91
0;-21,91
1;-5,89
0;-18,91
1;2,89
1;4,89
0;-10,91
1;9,89
0;-5,91
0;-4,91
0;0,91
1;16,89
0;3,91
0;4,91
0;6,91
1;26,89
1;27,89
0;13,91
0;16,91
0;18,91
0;33,91
0;34,91
0;45,91
0;54,91
0;55,91
0;59,91
0;64,91
0;65,91
0;67,91
0;69,91
0;70,91
1;87,89
0;74,91
0;79,91
1;98,89
0;84,91
0;95,91
1;114,89
0;100,91
0;112,91
1;131,89
0;119,91
1;136,89
1;138,89
1;145,89
1;146,89
1;147,89
1;150,89
1;154,89
1;157,89
0;144,91
0;145,91
0;-29,92
1;-13,90
0;-27,92
1;-8,90
0;-20,92
0;-19,92
1;1,90
1;3,90
0;-9,92
1;12,90
0;-2,92
0;-1,92
0;3,92
0;4,92
1;20,90
0;6,92
0;12,92
1;32,90
0;19,92
0;25,92
0;26,92
0;37,92
0;39,92
1;55,90
0;42,92
0;44,92
0;47,92
0;48,92
1;67,90
1;69,90
0;56,92
1;73,90
1;75,90
1;76,90
0;64,92
0;65,92
1;90,90
1;92,90
0;84,92
0;85,92
1;108,90
0;94,92
0;97,92
0;98,92
1;117,90
0;103,92
1;123,90
1;125,90
0;113,92
1;133,90
0;119,92
1;139,90
0;125,92
0;136,92
1;152,90
1;161,90
1;164,90
0;-27,93
1;-1,91
0;-15,93
1;5,91
1;10,91
1;17,91
1;19,91
1;20,91
1;22,91
1;26,91
0;17,93
0;19,93
0;21,93
1;40,91
1;42,91
1;44,91
1;45,91
1;47,91
1;54,91
0;40,93
0;43,93
0;45,93
0;50,93
1;66,91
0;53,93
0;60,93
0;61,93
0;62,93
1;78,91
0;65,93
0;71,93
0;72,93
1;89,91
1;91,91
1;99,91
1;101,91
1;103,91
1;105,91
1;106,91
1;120,91
0;107,93
0;112,93
1;128,91
1;129,91
1;137,91
1;139,91
0;125,93
1;142,91
1;152,91
1;153,91
0;145,93
0;146,93
0;149,93
0;-25,94
0;-23,94
0;-20,94
0;-15,94
1;2,92
1;7,92
1;13,92
1;14,92
0;1,94
1;20,92
0;11,94
1;31,92
1;32,92
0;18,94
0;23,94
1;39,92
0;25,94
1;44,92
0;32,94
0;33,94
1;52,92
0;38,94
0;44,94
0;45,94
0;46,94
1;63,92
0;49,94
1;73,92
0;59,94
1;82,92
0;72,94
0;86,94
1;108,92
0;94,94
1;110,92
1;111,92
0;106,94
1;123,92
1;125,92
0;114,94
0;115,94
0;120,94
1;137,92
1;139,92
1;147,92
1;149,92
1;150,92
0;140,94
0;141,94
1;164,92
1;-13,93
0;-27,95
0;-26,95
0;-21,95
1;-4,93
0;-16,95
0;-13,95
1;4,93
0;-1,95
1;15,93
1;21,93
1;22,93
1;23,93
0;18,95
0;19,95
0;20,95
0;22,95
1;41,93
0;27,95
0;29,95
1;50,93
0;37,95
1;56,93
1;58,93
1;61,93
0;48,95
1;74,93
1;75,93
0;61,95
1;77,93
0;64,95
1;91,93
1;92,93
0;78,95
0;83,95
0;84,95
1;100,93
0;91,95
1;107,93
0;94,95
0;96,95
1;113,93
1;117,93
1;119,93
0;105,95
1;130,93
1;131,93
0;125,95
1;144,93
1;145,93
0;137,95
1;154,93
0;147,95
0;148,95
1;-14,94
1;-9,94
0;-23,96
0;-21,96
1;-2,94
0;-11,96
1;9,94
0;-5,96
1;12,94
1;16,94
1;19,94
1;22,94
0;13,96
0;15,96
1;32,94
1;33,94
0;20,96
1;41,94
1;46,94
0;33,96
1;50,94
1;51,94
0;41,96
0;42,96
1;62,94
1;76,94
1;77,94
0;65,96
1;83,94
0;69,96
0;70,96
0;72,96
0;74,96
1;91,94
0;79,96
1;99,94
1;100,94
1;104,94
1;106,94
0;102,96
1;118,94
0;105,96
0;109,96
1;126,94
1;127,94
0;114,96
0;115,96
1;139,94
0;126,96
1;146,94
0;133,96
0;140,96
0;141,96
1;161,94
1;162,94
0;-29,97
0;-28,97
1;-12,95
1;-8,95
0;-22,97
0;-20,97
0;-18,97
1;-2,95
0;-16,97
1;2,95
1;4,95
1;5,95
0;-5,97
1;33,95
0;20,97
1;38,95
1;40,95
0;27,97
1;49,95
0;37,97
1;54,95
1;61,95
0;49,97
1;65,95
1;74,95
0;61,97
0;62,97
1;78,95
1;79,95
1;81,95
1;84,95
1;86,95
0;73,97
0;82,97
1;99,95
0;86,97
1;112,95
0;100,97
1;121,95
0;107,97
1;124,95
1;127,95
1;129,95
0;121,97
1;137,95
1;138,95
1;143,95
0;130,97
1;155,95
0;141,97
0;147,97
1;-14,96
0;-27,98
1;-11,96
0;-20,98
0;-19,98
1;2,96
0;-11,98
0;-10,98
1;8,96
1;13,96
0;1,98
1;18,96
0;6,98
0;12,98
0;14,98
0;23,98
1;39,96
1;41,96
0;28,98
0;32,98
0;33,98
0;34,98
0;38,98
0;39,98
1;59,96
0;51,98
0;52,98
1;71,96
1;72,96
1;86,96
1;87,96
0;74,98
0;78,98
1;95,96
1;96,96
1;97,96
0;91,98
0;93,98
0;97,98
1;113,96
1;114,96
1;121,96
0;107,98
1;130,96
0;117,98
0;119,98
0;125,98
0;130,98
0;131,98
0;132,98
1;148,96
1;153,96
1;154,96
0;144,98
0;145,98
0;-29,99
0;-28,99
0;-27,99
0;-26,99
0;-24,99
0;-22,99
0;-19,99
0;-11,99
1;5,97
1;6,97
1;8,97
1;16,97
0;2,99
0;10,99
1;26,97
0;13,99
0;18,99
0;19,99
1;35,97
0;27,99
1;51,97
1;53,97
0;39,99
1;56,97
0;42,99
1;61,97
0;48,99
1;64,97
0;52,99
0;54,99
1;72,97
0;60,99
0;61,99
1;82,97
1;83,97
1;84,97
0;70,99
0;78,99
1;94,97
0;92,99
1;108,97
1;121,97
1;122,97
1;123,97
0;112,99
1;131,97
1;132,97
1;134,97
0;123,99
0;124,99
0;132,99
1;148,97
0;139,99
1;165,97
0;-29,100
0;-26,100
0;-24,100
1;-6,98
1;-4,98
0;-16,100
0;-12,100
0;-10,100
0;-5,100
0;0,100
0;1,100
1;25,98
0;12,100
1;40,98
1;41,98
0;31,100
0;32,100
1;53,98
0;43,100
0;48,100
1;64,98
1;71,98
0;57,100
1;73,98
1;74,98
0;61,100
0;63,100
0;66,100
0;67,100
1;89,98
1;92,98
0;79,100
0;82,100
0;87,100
0;88,100
1;120,98
1;125,98
1;127,98
0;117,100
1;133,98
0;119,100
0;121,100
0;122,100
0;127,100
0;133,100
0;137,100
0;142,100
0;144,100
0;145,100
1;-14,99
1;-13,99
0;-27,101
1;-9,99
0;-22,101
0;-21,101
0;-20,101
1;5,99
1;7,99
1;14,99
1;19,99
1;24,99
0;11,101
0;18,101
1;34,99
1;36,99
1;39,99
1;40,99
1;41,99
0;36,101
0;37,101
0;44,101
1;64,99
1;65,99
0;52,101
0;53,101
0;57,101
1;73,99
1;74,99
1;81,99
0;67,101
1;84,99
0;71,101
0;77,101
1;93,99
0;87,101
0;88,101
0;89,101
1;108,99
0;94,101
1;119,99
1;120,99
0;106,101
0;110,101
0;111,101
1;131,99
0;117,101
0;125,101
0;126,101
1;144,99
1;147,99
1;154,99
1;159,99
0;145,101
0;150,101
1;-10,100
1;-2,100
1;0,100
0;-11,102
1;5,100
0;-7,102
0;1,102
1;19,100
1;21,100
0;10,102
1;31,100
1;34,100
1;35,100
0;22,102
0;27,102
0;28,102
0;34,102
0;35,102
1;51,100
0;38,102
1;59,100
1;66,100
1;67,100
1;71,100
1;72,100
0;59,102
1;90,100
0;76,102
0;81,102
0;83,102
0;84,102
0;94,102
1;110,100
1;111,100
0;98,102
0;106,102
1;131,100
1;136,100
0;122,102
0;125,102
0;130,102
1;153,100
0;139,102
1;157,100
0;147,102
1;164,100
0;-29,103
1;-13,101
0;-26,103
1;-9,101
0;-17,103
0;-15,103
1;1,101
1;4,101
0;-7,103
0;-6,103
0;-1,103
0;1,103
1;21,101
1;24,101
1;26,101
0;12,103
1;35,101
1;36,101
0;22,103
0;28,103
0;29,103
1;50,101
1;51,101
1;52,101
0;38,103
0;39,103
1;63,101
0;49,103
0;50,103
0;51,103
1;74,101
0;61,103
1;88,101
1;89,101
0;83,103
1;99,101
1;102,101
1;103,101
0;96,103
0;98,103
0;103,103
0;104,103
1;126,101
1;127,101
1;134,101
0;120,103
1;136,101
1;137,101
1;139,101
0;127,103
1;149,101
1;150,101
1;151,101
1;154,101
0;146,103
0;147,103
1;-13,102
1;-12,102
0;-20,104
0;-19,104
0;-17,104
1;1,102
0;-5,104
0;0,104
0;3,104
0;4,104
1;23,102
0;11,104
1;32,102
1;33,102
1;36,102
0;25,104
1;43,102
1;44,102
1;46,102
0;39,104
0;40,104
0;42,104
1;58,102
1;64,102
1;66,102
0;59,104
0;60,104
0;62,104
0;63,104
1;82,102
0;70,104
0;72,104
1;88,102
1;98,102
0;93,104
0;94,104
0;96,104
1;112,102
0;100,104
1;121,102
1;123,102
1;125,102
1;126,102
0;113,104
0;119,104
1;136,102
1;138,102
0;131,104
1;147,102
1;148,102
1;150,102
0;146,104
0;147,104
1;-14,103
1;-13,103
0;-24,105
1;-8,103
0;-22,105
1;-5,103
1;-2,103
0;-16,105
1;1,103
0;-13,105
1;3,103
0;-10,105
0;-8,105
0;-6,105
0;-4,105
0;-3,105
1;20,103
0;6,105
0;12,105
0;13,105
1;36,103
1;37,103
1;44,103
1;45,103
0;33,105
0;50,105
1;66,103
0;53,105
0;57,105
1;73,103
0;61,105
0;62,105
0;66,105
1;87,103
1;90,103
1;92,103
0;79,105
0;90,105
1;106,103
0;92,105
1;114,103
0;100,105
1;119,103
0;107,105
0;110,105
1;130,103
1;131,103
0;117,105
0;126,105
0;131,105
0;132,105
0;134,105
1;158,103
0;145,105
0;-29,106
0;-28,106
0;-24,106
0;-23,106
0;-20,106
0;-16,106
1;4,104
0;-7,106
0;-6,106
0;-4,106
0;9,106
1;30,104
1;31,104
0;17,106
1;35,104
0;22,106
0;26,106
0;29,106
1;49,104
0;46,106
0;56,106
1;73,104
1;77,104
0;68,106
0;70,106
1;88,104
1;90,104
0;78,106
1;100,104
1;101,104
0;87,106
1;105,104
0;91,106
1;109,104
0;95,106
0;96,106
1;117,104
1;119,104
0;105,106
0;110,106
1;127,104
1;128,104
0;114,106
1;130,104
0;117,106
0;134,106
0;135,106
0;145,106
1;161,104
1;-14,105
1;-13,105
1;-12,105
1;-5,105
1;-4,105
0;-17,107
0;-16,107
1;4,105
1;6,105
0;-8,107
1;9,105
1;11,105
1;12,105
0;-2,107
0;-1,107
0;5,107
0;7,107
1;29,105
0;15,107
0;16,107
1;50,105
0;37,107
1;54,105
1;55,105
1;57,105
1;64,105
1;69,105
1;71,105
0;58,107
0;59,107
1;83,105
1;84,105
1;85,105
1;92,105
0;78,107
1;94,105
0;81,107
0;83,107
1;100,105
1;101,105
1;102,105
0;93,107
1;112,105
0;98,107
1;117,105
0;104,107
1;128,105
0;115,107
1;132,105
0;120,107
0;121,107
1;143,105
0;137,107
1;153,105
1;155,105
0;-29,108
0;-28,108
1;-12,106
0;-21,108
0;-17,108
1;-1,106
1;6,106
1;11,106
0;-2,108
0;-1,108
1;19,106
0;7,108
0;10,108
0;11,108
0;16,108
0;19,108
1;38,106
1;39,106
0;26,108
0;27,108
0;31,108
1;47,106
1;49,106
1;51,106
1;52,106
0;39,108
1;56,106
1;58,106
0;45,108
1;73,106
1;74,106
1;76,106
0;71,108
0;72,108
1;91,106
1;92,106
0;83,108
1;99,106
1;101,106
1;112,106
0;99,108
1;118,106
1;120,106
0;109,108
1;125,106
0;112,108
0;118,108
0;125,108
0;130,108
1;149,106
1;151,106
0;145,108
0;147,108
0;-28,109
1;-8,107
1;-7,107
1;-4,107
0;-17,109
1;2,107
1;4,107
0;-9,109
0;-8,109
1;10,107
1;14,107
0;1,109
0;9,109
0;14,109
1;30,107
0;17,109
1;39,107
1;41,107
0;27,109
1;50,107
1;52,107
1;55,107
0;43,109
1;67,107
1;68,107
0;54,109
1;70,107
0;58,109
1;85,107
1;89,107
0;75,109
0;76,109
1;92,107
1;98,107
0;85,109
0;88,109
1;105,107
1;107,107
0;97,109
1;120,107
0;106,109
0;111,109
1;132,107
1;133,107
1;138,107
1;139,107
1;149,107
0;139,109
0;145,109
1;161,107
0;-29,110
0;-28,110
1;-12,108
0;-25,110
0;-18,110
0;-15,110
0;-14,110
1;5,108
0;-8,110
1;10,108
1;13,108
0;1,110
1;21,108
0;8,110
0;16,110
1;33,108
1;35,108
1;37,108
0;24,110
0;32,110
0;33,110
0;36,110
0;37,110
1;59,108
0;46,110
0;51,110
1;68,108
1;70,108
0;57,110
0;59,110
0;63,110
1;79,108
1;82,108
0;70,110
1;91,108
1;93,108
1;96,108
0;82,110
1;103,108
0;89,110
1;109,108
1;110,108
0;97,110
0;102,110
1;118,108
0;105,110
0;114,110
1;130,108
1;132,108
1;134,108
1;146,108
0;132,110
0;140,110
1;157,108
1;159,108
1;164,108
0;-28,111
1;-11,109
1;0,109
1;1,109
0;-13,111
1;5,109
0;-5,111
0;-3,111
1;13,109
1;16,109
1;17,109
1;28,109
1;29,109
0;16,111
0;18,111
1;34,109
0;26,111
1;42,109
0;28,111
0;34,111
1;50,109
0;37,111
1;56,109
1;66,109
0;53,111
1;76,109
0;62,111
0;63,111
0;65,111
1;81,109
0;67,111
1;85,109
1;88,109
0;75,111
0;76,111
0;77,111
0;83,111
0;84,111
0;85,111
0;87,111
1;104,109
0;91,111
1;107,109
1;124,109
0;111,111
0;116,111
0;117,111
1;136,109
1;146,109
0;141,111
1;157,109
1;158,109
0;-29,112
1;-13,110
1;-12,110
1;-10,110
0;-23,112
1;-7,110
0;-19,112
1;5,110
1;6,110
1;8,110
0;-6,112
1;11,110
1;13,110
1;24,110
1;26,110
0;16,112
0;17,112
0;19,112
0;28,112
0;29,112
0;30,112
0;40,112
0;45,112
0;46,112
1;68,110
0;55,112
1;74,110
1;76,110
1;77,110
1;79,110
1;80,110
0;67,112
0;74,112
0;75,112
1;93,110
0;81,112
0;88,112
0;89,112
0;90,112
0;94,112
0;109,112
1;126,110
0;114,112
0;115,112
1;134,110
0;120,112
1;140,110
1;142,110
1;143,110
1;145,110
1;148,110
0;136,112
0;138,112
1;160,110
0;146,112
0;-28,113
1;-12,111
0;-26,113
1;-10,111
1;-5,111
0;-13,113
0;-11,113
0;-8,113
1;8,111
0;-5,113
1;11,111
1;18,111
1;19,111
1;28,111
0;14,113
0;17,113
0;18,113
0;24,113
0;25,113
0;27,113
0;28,113
1;55,111
1;56,111
0;42,113
1;65,111
0;51,113
0;53,113
0;60,113
1;79,111
1;81,111
1;87,111
1;96,111
0;82,113
1;99,111
0;90,113
0;91,113
1;114,111
0;100,113
1;127,111
0;114,113
1;132,111
0;130,113
0;131,113
1;147,111
0;135,113
0;137,113
1;154,111
1;160,111
0;-29,114
1;-12,112
1;-10,112
0;-21,114
0;-19,114
1;-2,112
1;3,112
1;4,112
0;-2,114
1;14,112
0;6,114
0;7,114
1;29,112
1;35,112
1;36,112
1;43,112
0;37,114
1;53,112
0;42,114
0;44,114
1;61,112
1;62,112
1;64,112
0;51,114
0;57,114
1;75,112
0;64,114
0;65,114
1;81,112
1;82,112
1;84,112
1;86,112
0;73,114
1;95,112
0;81,114
0;84,114
1;105,112
1;107,112
1;123,112
1;125,112
1;127,112
0;117,114
0;122,114
1;139,112
0;126,114
1;145,112
0;135,114
1;152,112
1;154,112
0;144,114
0;-28,115
1;-12,113
0;-26,115
1;-9,113
0;-22,115
1;-2,113
0;-15,115
0;-13,115
0;-11,115
1;6,113
1;11,113
0;-3,115
1;15,113
1;16,113
0;3,115
0;12,115
1;29,113
0;15,115
1;33,113
1;35,113
0;21,115
1;38,113
1;46,113
1;48,113
1;54,113
1;55,113
1;66,113
1;67,113
1;70,113
1;79,113
1;85,113
0;71,115
1;89,113
1;94,113
1;95,113
1;97,113
1;101,113
1;102,113
1;104,113
1;107,113
0;94,115
1;110,113
1;116,113
0;103,115
1;123,113
1;124,113
0;118,115
1;139,113
0;130,115
0;131,115
0;136,115
0;137,115
0;147,115
0;148,115
1;164,113
1;-14,114
0;-28,116
0;-22,116
0;-12,116
0;-11,116
1;7,114
1;9,114
1;16,114
0;7,116
1;23,114
1;24,114
0;11,116
1;28,114
0;15,116
0;16,116
1;35,114
1;42,114
1;44,114
0;40,116
0;41,116
1;60,114
0;46,116
0;48,116
0;49,116
1;69,114
0;60,116
0;65,116
0;66,116
1;88,114
0;74,116
0;78,116
1;97,114
1;98,114
1;100,114
0;87,116
1;107,114
0;99,116
0;100,116
0;103,116
1;119,114
0;114,116
1;136,114
0;124,116
0;130,116
1;151,114
0;138,116
0;140,116
0;142,116
1;160,114
1;161,114
0;148,116
0;-27,117
0;-25,117
1;-6,115
0;-19,117
0;-14,117
0;-10,117
1;8,115
1;9,115
1;12,115
0;-1,117
0;4,117
0;5,117
1;22,115
1;24,115
1;31,115
0;17,117
1;37,115
0;24,117
1;47,115
0;35,117
0;39,117
1;64,115
1;65,115
1;70,115
0;56,117
0;57,117
1;73,115
1;85,115
0;71,117
0;72,117
1;88,115
0;75,117
1;96,115
1;97,115
1;98,115
0;84,117
0;87,117
1;103,115
1;111,115
0;98,117
0;99,117
0;109,117
0;110,117
0;114,117
1;130,115
0;118,117
1;134,115
1;137,115
1;146,115
1;150,115
1;151,115
0;148,117
0;150,117
1;-14,116
1;-12,116
0;-23,118
1;-7,116
0;-18,118
1;-2,116
0;-16,118
1;1,116
1;2,116
1;4,116
0;-8,118
0;-6,118
0;-4,118
1;13,116
1;24,116
0;10,118
1;42,116
0;32,118
0;34,118
1;51,116
1;52,116
0;40,118
0;46,118
1;62,116
0;48,118
1;64,116
1;71,116
0;59,118
0;67,118
1;87,116
0;73,118
0;80,118
0;81,118
1;97,116
1;105,116
1;106,116
0;92,118
0;93,118
1;111,116
1;121,116
0;107,118
1;127,116
0;113,118
0;117,118
1;142,116
0;130,118
0;132,118
1;149,116
0;137,118
1;153,116
0;147,118
1;163,116
0;-25,119
1;-8,117
1;-6,117
1;-4,117
1;-2,117
1;1,117
1;4,117
0;-7,119
1;9,117
0;-5,119
0;-3,119
1;14,117
0;2,119
0;4,119
0;5,119
1;26,117
0;19,119
0;20,119
0;27,119
1;43,117
1;44,117
1;46,117
0;33,119
1;55,117
1;61,117
0;48,119
1;69,117
0;55,119
1;73,117
0;60,119
0;64,119
1;82,117
1;85,117
0;72,119
0;75,119
1;97,117
0;91,119
0;93,119
0;95,119
1;117,117
0;104,119
1;120,117
0;107,119
0;117,119
0;118,119
0;123,119
1;139,117
0;125,119
0;130,119
1;146,117
0;132,119
1;152,117
0;140,119
0;142,119
1;164,117
0;150,119
0;-27,120
0;-26,120
1;-7,118
1;-5,118
1;-2,118
1;0,118
0;-13,120
1;4,118
1;9,118
0;-1,120
1;15,118
1;18,118
1;21,118
1;23,118
0;11,120
1;27,118
0;14,120
1;36,118
1;37,118
0;23,120
1;41,118
1;54,118
0;40,120
1;59,118
1;60,118
0;50,120
0;51,120
1;68,118
0;55,120
1;79,118
0;72,120
0;73,120
0;74,120
1;92,118
1;95,118
0;82,120
0;84,120
0;85,120
0;87,120
0;89,120
1;108,118
1;111,118
1;114,118
0;100,120
1;120,118
0;106,120
0;121,120
1;143,118
0;129,120
0;139,120
1;155,118
0;147,120
0;148,120
1;164,118
0;-27,121
0;-26,121
1;-7,119
0;-20,121
1;-1,119
0;-5,121
0;-3,121
1;14,119
0;2,121
0;3,121
0;13,121
1;29,119
0;16,121
1;37,119
0;27,121
0;28,121
1;45,119
1;47,119
0;40,121
0;41,121
1;58,119
1;59,119
1;60,119
0;47,121
1;74,119
1;75,119
1;76,119
1;79,119
1;81,119
0;69,121
1;98,119
0;86,121
1;107,119
0;94,121
1;117,119
1;118,119
1;123,119
1;126,119
1;134,119
0;121,121
0;122,121
0;135,121
1;152,119
1;156,119
0;142,121
0;144,121
1;-13,120
1;-12,120
0;-25,122
1;-9,120
1;-8,120
1;-2,120
1;-1,120
1;1,120
0;-11,122
0;-7,122
1;9,120
1;10,120
1;15,120
1;16,120
1;22,120
0;8,122
1;25,120
0;12,122
1;29,120
0;16,122
0;18,122
0;29,122
0;36,122
1;61,120
1;62,120
1;63,120
0;54,122
0;60,122
1;76,120
0;62,122
1;84,120
1;86,120
1;89,120
0;81,122
1;98,120
0;85,122
1;102,120
1;111,120
0;97,122
0;98,122
1;115,120
0;103,122
1;119,120
1;127,120
1;128,120
1;133,120
0;120,122
1;141,120
0;127,122
0;138,122
0;141,122
1;160,120
1;161,120
1;-14,121
1;-13,121
0;-27,123
1;-8,121
0;-20,123
0;-18,123
1;2,121
1;4,121
0;-8,123
1;8,121
1;9,121
0;2,123
1;19,121
0;8,123
0;10,123
0;11,123
1;28,121
1;29,121
0;24,123
1;41,121
1;42,121
1;47,121
0;33,123
1;58,121
1;59,121
1;60,121
0;46,123
0;52,123
1;73,121
0;65,123
1;82,121
1;84,121
1;85,121
0;72,123
1;91,121
0;77,123
1;96,121
1;106,121
0;93,123
1;111,121
1;113,121
0;108,123
1;124,121
1;132,121
0;119,123
0;120,123
0;129,123
0;132,123
0;138,123
0;139,123
0;141,123
0;142,123
1;165,121
0;-29,124
1;-12,122
1;-11,122
1;-10,122
1;-9,122
1;-2,122
0;-15,124
0;-13,124
1;4,122
0;-6,124
1;10,122
0;2,124
1;18,122
0;5,124
0;7,124
0;19,124
0;20,124
0;21,124
0;23,124
1;40,122
0;28,124
0;36,124
0;41,124
0;42,124
0;51,124
0;53,124
0;60,124
0;63,124
1;80,122
0;70,124
1;87,122
0;75,124
0;76,124
1;93,122
0;79,124
1;95,122
0;83,124
1;100,122
0;86,124
0;89,124
0;91,124
1;110,122
1;111,122
1;132,122
1;133,122
0;120,124
0;125,124
0;127,124
0;135,124
0;140,124
0;145,124
0;146,124
0;-28,125
0;-27,125
1;-8,123
1;-7,123
0;-19,125
1;1,123
0;-11,125
1;5,123
0;-9,125
0;-7,125
1;10,123
0;-3,125
0;3,125
0;4,125
0;5,125
1;26,123
0;13,125
0;29,125
1;46,123
0;34,125
1;55,123
0;42,125
0;43,125
1;62,123
0;50,125
0;52,125
1;72,123
1;73,123
0;59,125
1;82,123
1;84,123
0;71,125
1;93,123
0;79,125
0;83,125
0;84,125
0;85,125
0;94,125
0;97,125
0;99,125
1;115,123
1;117,123
0;105,125
0;106,125
1;125,123
0;112,125
0;116,125
0;123,125
1;139,123
0;125,125
0;138,125
0;139,125
1;158,123
0;150,125
0;-27,126
0;-23,126
1;-7,124
1;-5,124
0;-17,126
1;0,124
1;5,124
1;6,124
1;7,124
1;8,124
1;9,124
1;14,124
1;22,124
1;23,124
1;24,124
1;38,124
1;39,124
1;40,124
0;29,126
1;46,124
0;39,126
0;42,126
1;61,124
0;47,126
1;65,124
1;67,124
1;72,124
0;58,126
0;61,126
1;80,124
0;66,126
1;83,124
1;84,124
0;71,126
0;78,126
1;94,124
1;96,124
1;115,124
1;117,124
0;104,126
0;110,126
0;114,126
1;130,124
1;137,124
1;139,124
1;147,124
1;148,124
1;154,124
1;155,124
1;159,124
0;147,126
0;-29,127
1;-12,125
0;-24,127
1;-7,125
0;-20,127
0;-19,127
0;-18,127
1;3,125
0;-7,127
0;5,127
1;21,125
0;9,127
1;33,125
0;23,127
1;39,125
0;27,127
0;28,127
1;44,125
1;52,125
0;40,127
0;42,127
1;59,125
0;45,127
0;53,127
1;70,125
1;72,125
1;77,125
1;79,125
1;82,125
0;69,127
0;70,127
1;93,125
0;81,127
0;88,127
1;104,125
1;110,125
0;97,127
1;119,125
1;124,125
0;111,127
1;132,125
1;137,125
0;123,127
0;128,127
1;147,125
1;148,125
0;136,127
1;157,125
0;143,127
0;144,127
1;160,125
1;-13,126
0;-26,128
0;-15,128
1;2,126
0;-10,128
0;-9,128
0;-5,128
1;12,126
1;14,126
1;15,126
0;4,128
0;7,128
1;23,126
1;26,126
0;14,128
1;33,126
1;35,126
0;22,128
0;32,128
1;54,126
1;60,126
0;47,128
0;48,128
0;55,128
0;56,128
1;78,126
0;65,128
1;81,126
1;83,126
0;71,128
1;91,126
0;78,128
0;83,128
0;91,128
0;97,128
0;99,128
0;100,128
0;102,128
1;118,126
0;104,128
1;122,126
0;108,128
0;109,128
0;110,128
1;129,126
1;131,126
0;117,128
0;124,128
1;141,126
1;143,126
1;160,126
0;147,128
1;-11,127
0;-21,129
0;-17,129
1;-1,127
0;-15,129
1;2,127
0;-5,129
0;-4,129
0;4,129
0;5,129
1;23,127
1;25,127
1;33,127
1;39,127
1;47,127
0;35,129
1;52,127
0;39,129
1;56,127
1;57,127
0;44,129
1;66,127
1;67,127
1;72,127
0;58,129
0;60,129
1;76,127
0;63,129
1;79,127
1;82,127
1;84,127
1;97,127
0;83,129
0;91,129
0;92,129
0;100,129
0;101,129
0;103,129
0;108,129
1;124,127
1;125,127
0;112,129
0;118,129
0;120,129
0;121,129
1;147,127
0;135,129
1;152,127
1;153,127
1;154,127
0;-29,130
1;-13,128
0;-25,130
1;-6,128
1;-2,128
0;-14,130
1;5,128
0;-8,130
1;13,128
1;18,128
0;8,130
0;10,130
0;16,130
1;38,128
0;24,130
1;40,128
0;26,130
1;43,128
1;47,128
1;50,128
0;36,130
1;53,128
1;55,128
0;45,130
1;61,128
1;63,128
0;59,130
0;60,130
1;87,128
1;88,128
1;89,128
0;80,130
1;96,128
1;97,128
0;84,130
0;87,130
0;88,130
1;104,128
0;94,130
0;99,130
1;118,128
0;105,130
0;106,130
1;123,128
0;109,130
0;114,130
0;115,130
0;117,130
1;136,128
0;127,130
1;143,128
1;146,128
0;148,130
1;164,128
0;-29,131
0;-28,131
0;-27,131
1;-9,129
0;-22,131
1;-6,129
1;-4,129
0;-14,131
1;2,129
0;-12,131
0;-8,131
0;-7,131
0;-2,131
0;-1,131
0;0,131
1;19,129
0;20,131
1;37,129
1;39,129
0;35,131
0;38,131
1;61,129
0;50,131
1;70,129
1;71,129
1;73,129
1;83,129
1;84,129
0;75,131
0;85,131
0;87,131
0;92,131
1;114,129
0;102,131
0;105,131
1;124,129
0;111,131
0;113,131
0;119,131
1;135,129
0;121,131
0;124,131
0;125,131
0;134,131
1;150,129
0;137,131
0;143,131
0;144,131
1;161,129
0;-29,132
1;-8,130
1;-4,130
1;-3,130
1;-2,130
0;-7,132
0;-6,132
0;-1,132
0;8,132
0;9,132
0;14,132
1;32,130
0;19,132
1;40,130
1;42,130
1;48,130
1;49,130
0;35,132
1;54,130
0;44,132
0;45,132
1;61,130
1;62,130
0;53,132
0;58,132
1;74,130
1;77,130
1;78,130
1;80,130
0;73,132
0;74,132
0;76,132
1;97,130
0;83,132
0;85,132
0;86,132
0;93,132
1;109,130
1;114,130
0;100,132
0;103,132
1;120,130
1;134,130
1;135,130
1;138,130
0;132,132
1;149,130
1;152,130
1;153,130
0;143,132
0;145,132
1;-14,131
1;-9,131
1;-8,131
0;-19,133
1;-1,131
1;5,131
0;-9,133
1;11,131
1;12,131
1;16,131
1;17,131
0;4,133
1;20,131
1;22,131
0;16,133
0;21,133
1;37,131
0;25,133
1;47,131
0;34,133
1;51,131
0;39,133
1;55,131
0;42,133
0;43,133
0;50,133
1;70,131
0;56,133
1;78,131
1;79,131
1;81,131
1;84,131
1;86,131
0;73,133
1;93,131
1;94,131
1;96,131
0;83,133
0;84,133
0;87,133
0;94,133
0;95,133
1;121,131
1;122,131
0;121,133
0;122,133
0;123,133
0;132,133
0;133,133
1;153,131
0;143,133
1;159,131
0;-24,134
0;-23,134
1;-6,132
0;-19,134
0;-13,134
1;3,132
0;-5,134
1;11,132
1;15,132
1;16,132
1;20,132
1;21,132
0;8,134
0;10,134
0;15,134
0;19,134
0;21,134
0;36,134
1;61,132
1;62,132
0;48,134
1;65,132
1;68,132
1;75,132
0;63,134
0;65,134
1;82,132
1;84,132
1;87,132
0;74,134
0;75,134
0;81,134
1;97,132
1;98,132
1;100,132
1;107,132
1;109,132
0;95,134
1;114,132
0;100,134
1;122,132
0;108,134
0;111,134
1;128,132
1;129,132
0;115,134
1;134,132
0;120,134
1;145,132
1;147,132
1;150,132
0;137,134
0;138,134
0;-29,135
0;-28,135
1;-11,133
0;-23,135
0;-17,135
1;1,133
1;8,133
0;-3,135
1;13,133
0;0,135
0;6,135
1;22,133
1;28,133
0;14,135
1;36,133
1;40,133
0;27,135
1;44,133
0;31,135
0;35,135
1;51,133
1;56,133
1;57,133
0;45,135
0;52,135
1;73,133
1;76,133
0;63,135
0;70,135
1;91,133
1;92,133
0;78,135
1;97,133
1;98,133
0;84,135
1;106,133
0;95,135
0;96,135
1;112,133
0;109,135
1;125,133
0;111,135
1;130,133
1;131,133
0;119,135
1;143,133
1;144,133
0;134,135
0;136,135
1;156,133
1;157,133
0;144,135
0;-25,136
0;-23,136
1;-6,134
0;-16,136
0;-15,136
1;1,134
1;3,134
0;-5,136
0;-4,136
0;1,136
0;2,136
1;19,134
1;33,134
1;34,134
1;37,134
1;40,134
0;26,136
0;27,136
1;48,134
0;34,136
1;52,134
1;55,134
1;57,134
1;80,134
1;82,134
0;73,136
1;89,134
0;75,136
0;78,136
0;83,136
1;99,134
0;86,136
0;88,136
0;93,136
0;97,136
0;98,136
0;101,136
1;117,134
0;104,136
0;112,136
1;129,134
1;132,134
0;119,136
0;124,136
1;140,134
1;143,134
1;157,134
0;144,136
0;150,136
0;-28,137
1;-9,135
0;-17,137
0;-16,137
1;2,135
0;-11,137
0;-10,137
1;8,135
1;13,135
1;17,135
0;6,137
0;7,137
0;8,137
1;27,135
0;15,137
0;16,137
1;35,135
1;37,135
0;23,137
0;30,137
0;31,137
1;66,135
1;69,135
0;56,137
1;72,135
1;74,135
0;65,137
1;81,135
1;82,135
1;88,135
1;89,135
0;78,137
0;79,137
0;80,137
1;96,135
0;92,137
0;93,137
1;112,135
0;99,137
0;105,137
0;106,137
1;123,135
1;134,135
0;121,137
0;123,137
0;130,137
0;131,137
0;133,137
0;142,137
1;159,135
1;161,135
1;162,135
0;-29,138
0;-28,138
0;-26,138
0;-24,138
0;-20,138
1;-2,136
1;0,136
1;3,136
1;4,136
1;9,136
1;15,136
1;17,136
1;24,136
0;12,138
1;29,136
0;15,138
0;19,138
1;51,136
0;37,138
1;56,136
0;42,138
1;60,136
0;50,138
0;52,138
0;53,138
1;71,136
0;58,138
0;64,138
1;80,136
0;67,138
1;83,136
1;86,136
1;87,136
0;79,138
0;80,138
0;81,138
0;88,138
0;89,138
1;106,136
0;93,138
0;103,138
1;119,136
1;121,136
1;122,136
1;127,136
1;129,136
0;117,138
1;133,136
0;126,138
0;127,138
0;129,138
0;135,138
0;136,138
0;137,138
1;163,136
0;-28,139
0;-27,139
1;-11,137
1;-10,137
0;-23,139
1;-4,137
0;-13,139
0;-7,139
1;9,137
1;11,137
1;22,137
0;9,139
1;27,137
0;17,139
1;33,137
0;19,139
0;29,139
1;45,137
0;36,139
0;39,139
1;55,137
0;43,139
0;44,139
1;69,137
1;70,137
1;72,137
1;75,137
1;82,137
1;83,137
1;90,137
1;91,137
0;77,139
0;78,139
0;80,139
0;83,139
1;102,137
0;88,139
0;94,139
0;96,139
0;97,139
1;113,137
0;100,139
1;124,137
0;111,139
0;112,139
0;116,139
0;118,139
0;120,139
0;121,139
0;130,139
0;131,139
0;145,139
0;147,139
0;-29,140
1;-13,138
1;-11,138
0;-21,140
1;-5,138
0;-18,140
1;3,138
0;-8,140
1;8,138
1;10,138
1;15,138
1;18,138
0;10,140
0;12,140
0;13,140
0;14,140
0;19,140
0;20,140
1;36,138
0;23,140
1;47,138
1;49,138
0;38,140
1;54,138
0;44,140
1;61,138
1;62,138
0;49,140
0;60,140
0;62,140
0;66,140
1;82,138
0;69,140
0;75,140
0;76,140
1;93,138
1;100,138
0;86,140
0;87,140
0;88,140
0;96,140
0;98,140
0;106,140
1;122,138
0;109,140
1;125,138
0;117,140
1;133,138
1;140,138
1;141,138
0;128,140
0;136,140
0;138,140
0;142,140
1;158,138
1;161,138
0;-29,141
1;-13,139
1;-4,139
0;-17,141
1;8,139
0;-6,141
0;1,141
0;7,141
1;23,139
0;11,141
0;17,141
0;20,141
0;22,141
1;41,139
1;48,139
1;55,139
0;42,141
0;51,141
0;52,141
0;55,141
1;71,139
1;72,139
0;59,141
0;60,141
0;64,141
1;81,139
0;69,141
0;70,141
1;92,139
0;78,141
1;94,139
0;81,141
1;100,139
0;86,141
1;109,139
1;112,139
0;99,141
0;100,141
1;127,139
1;128,139
0;114,141
1;132,139
1;133,139
0;131,141
1;151,139
0;137,141
0;138,141
0;145,141
0;147,141
0;-27,142
1;-11,140
1;-10,140
1;-7,140
0;-18,142
1;3,140
1;8,140
0;-5,142
0;-2,142
0;1,142
0;6,142
0;9,142
0;12,142
0;14,142
1;30,140
0;17,142
0;21,142
0;24,142
0;25,142
0;37,142
0;39,142
0;40,142
1;67,140
0;53,142
0;58,142
0;63,142
0;64,142
0;66,142
1;82,140
1;83,140
1;91,140
0;84,142
0;85,142
0;87,142
0;89,142
1;112,140
1;124,140
0;112,142
0;119,142
1;136,140
1;137,140
1;143,140
1;148,140
0;134,142
0;135,142
1;153,140
0;140,142
0;141,142
1;158,140
0;150,142
0;-27,143
1;-11,141
0;-25,143
1;-5,141
0;-16,143
1;3,141
0;-11,143
1;5,141
1;10,141
0;-4,143
1;16,141
0;2,143
0;3,143
0;4,143
0;9,143
1;25,141
0;11,143
1;32,141
0;18,143
1;34,141
1;35,141
0;28,143
0;35,143
0;48,143
0;50,143
0;53,143
0;54,143
0;61,143
0;62,143
0;63,143
0;68,143
1;85,141
0;73,143
1;94,141
1;99,141
0;86,143
0;87,143
1;106,141
0;93,143
1;110,141
0;97,143
0;101,143
1;118,141
0;106,143
1;125,141
0;111,143
1;140,141
1;141,141
1;147,141
1;149,141
0;135,143
0;141,143
0;142,143
0;145,143
0;147,143
0;-29,144
0;-27,144
0;-25,144
0;-19,144
1;-3,142
0;-17,144
1;0,142
1;2,142
0;-10,144
1;12,142
0;2,144
0;3,144
1;25,142
0;11,144
1;35,142
1;39,142
0;30,144
0;31,144
0;33,144
1;49,142
0;36,144
0;37,144
0;44,144
1;60,142
0;55,144
0;59,144
0;60,144
1;76,142
1;78,142
1;81,142
0;67,144
1;86,142
0;74,144
1;92,142
1;93,142
0;80,144
1;113,142
0;105,144
0;106,144
1;126,142
0;113,144
0;118,144
1;134,142
0;120,144
1;141,142
1;145,142
0;132,144
0;133,144
1;151,142
1;152,142
0;139,144
0;148,144
1;164,142
1;-14,143
0;-28,145
1;-12,143
1;-9,143
1;-8,143
0;-22,145
1;-5,143
0;-18,145
1;2,143
1;7,143
0;-7,145
1;13,143
0;0,145
0;5,145
0;6,145
0;15,145
0;16,145
0;21,145
1;39,143
1;40,143
0;28,145
0;30,145
0;32,145
0;39,145
0;40,145
0;41,145
0;46,145
1;62,143
1;64,143
0;56,145
0;57,145
0;62,145
0;63,145
1;83,143
1;85,143
1;87,143
1;96,143
1;97,143
0;92,145
1;109,143
1;117,143
1;118,143
0;105,145
1;125,143
1;129,143
0;115,145
1;133,143
1;138,143
1;139,143
1;140,143
1;152,143
1;155,143
1;156,143
1;163,143
0;-28,146
0;-27,146
1;-11,144
0;-23,146
1;-6,144
1;-4,144
0;-12,146
0;-10,146
1;9,144
0;-5,146
0;-4,146
0;-3,146
0;-2,146
0;4,146
0;5,146
0;6,146
0;10,146
0;11,146
0;12,146
0;13,146
1;30,144
0;30,146
1;47,144
1;50,144
0;37,146
1;54,144
1;56,144
0;44,146
0;50,146
0;54,146
0;55,146
1;72,144
0;70,146
1;90,144
0;76,146
0;79,146
1;103,144
1;105,144
1;107,144
0;98,146
0;99,146
0;100,146
0;107,146
0;114,146
1;130,144
1;131,144
0;118,146
0;121,146
0;122,146
0;131,146
0;132,146
1;149,144
1;153,144
1;158,144
0;144,146
0;-28,147
1;-12,145
1;-10,145
0;-23,147
0;-21,147
1;2,145
0;-10,147
0;-6,147
0;-5,147
0;-4,147
1;18,145
1;19,145
0;5,147
0;11,147
1;30,145
1;31,145
1;36,145
0;23,147
1;45,145
0;31,147
1;51,145
1;53,145
0;43,147
1;60,145
1;62,145
0;48,147
0;52,147
1;68,145
1;75,145
0;62,147
0;67,147
0;69,147
1;93,145
1;94,145
0;82,147
1;104,145
1;105,145
1;106,145
1;116,145
1;119,145
1;127,145
1;128,145
1;131,145
0;118,147
0;119,147
0;121,147
1;138,145
0;132,147
1;149,145
1;152,145
0;139,147
0;142,147
0;-29,148
0;-26,148
1;-8,146
1;-6,146
0;-17,148
0;-15,148
1;2,146
1;7,146
0;-5,148
0;1,148
1;18,146
1;22,146
0;12,148
0;13,148
0;23,148
1;43,146
0;29,148
1;46,146
1;49,146
0;37,148
1;60,146
0;47,148
0;49,148
1;71,146
0;59,148
0;61,148
1;77,146
0;64,148
0;70,148
1;91,146
0;82,148
1;98,146
1;112,146
0;102,148
1;121,146
1;123,146
0;111,148
0;112,148
0;113,148
0;119,148
1;135,146
1;136,146
0;127,148
0;134,148
1;153,146
0;139,148
0;146,148
1;163,146
1;164,146
0;-28,149
0;-27,149
0;-26,149
1;-10,147
0;-22,149
0;-17,149
0;-11,149
0;-8,149
0;-4,149
0;0,149
0;1,149
0;7,149
0;9,149
1;28,147
0;14,149
1;33,147
0;23,149
0;24,149
0;25,149
1;42,147
0;35,149
0;40,149
0;41,149
0;48,149
0;49,149
0;55,149
1;75,147
1;78,147
1;80,147
1;85,147
1;87,147
0;76,149
0;77,149
0;78,149
1;97,147
0;85,149
1;102,147
0;88,149
1;109,147
0;95,149
0;97,149
0;98,149
1;119,147
0;105,149
0;108,149
1;124,147
1;137,147
0;123,149
0;125,149
0;126,149
0;140,149
1;156,147
0;142,149
0;144,149
0;148,149
1;164,147
0;-27,150
0;-26,150
0;-19,150
0;-17,150
0;-12,150
0;-10,150
1;10,148
1;15,148
1;19,148
1;28,148
1;30,148
1;34,148
1;35,148
0;21,150
1;38,148
1;41,148
0;29,150
1;46,148
1;48,148
1;49,148
0;36,150
1;52,148
1;53,148
0;41,150
0;48,150
0;49,150
0;50,150
0;55,150
0;56,150
0;68,150
0;69,150
0;70,150
0;77,150
1;93,148
1;100,148
1;102,148
0;90,150
1;106,148
0;93,150
0;94,150
0;102,150
0;103,150
1;127,148
1;130,148
0;121,150
1;137,148
1;138,148
0;129,150
0;131,150
0;132,150
1;152,148
1;153,148
0;143,150
1;159,148
0;146,150
1;-13,149
1;-12,149
1;-11,149
0;-24,151
1;-5,149
0;-18,151
0;-14,151
1;4,149
0;-9,151
1;7,149
1;8,149
1;13,149
1;14,149
1;19,149
0;6,151
0;8,151
0;13,151
1;29,149
1;31,149
0;17,151
0;23,151
1;46,149
1;47,149
0;33,151
0;44,151
1;60,149
0;52,151
1;68,149
0;55,151
0;57,151
1;77,149
0;64,151
1;80,149
1;90,149
0;77,151
1;97,149
0;83,151
1;104,149
1;106,149
0;92,151
1;110,149
1;113,149
1;114,149
1;124,149
1;125,149
1;135,149
1;136,149
1;140,149
1;143,149
0;131,151
1;148,149
1;149,149
0;136,151
0;145,151
0;147,151
0;149,151
0;-29,152
1;-13,150
0;-27,152
0;-20,152
1;-4,150
0;-17,152
0;-15,152
1;5,150
0;-8,152
0;-7,152
1;11,150
1;15,150
1;23,150
1;26,150
1;29,150
0;16,152
1;33,150
1;39,150
1;40,150
1;43,150
0;32,152
0;33,152
0;40,152
0;53,152
0;54,152
0;59,152
0;60,152
0;65,152
0;67,152
1;87,150
1;88,150
1;89,150
1;94,150
1;95,150
0;81,152
0;86,152
1;107,150
0;94,152
0;101,152
1;117,150
1;120,150
1;125,150
0;112,152
0;114,152
0;116,152
0;117,152
0;120,152
0;121,152
0;123,152
0;127,152
0;129,152
0;137,152
0;139,152
0;140,152
1;-13,151
1;-11,151
0;-18,153
1;2,151
1;3,151
0;-11,153
0;-9,153
0;-8,153
1;10,151
1;17,151
0;7,153
1;23,151
0;9,153
0;12,153
1;32,151
1;43,151
1;44,151
1;45,151
0;31,153
0;36,153
0;37,153
1;57,151
1;58,151
0;45,153
1;64,151
1;65,151
1;66,151
1;77,151
0;63,153
0;67,153
0;76,153
1;92,151
1;93,151
0;90,153
1;106,151
1;107,151
0;94,153
0;95,153
0;103,153
0;104,153
1;120,151
0;108,153
1;125,151
1;132,151
1;133,151
1;139,151
1;142,151
0;129,153
1;151,151
0;138,153
1;159,151
1;164,151
1;165,151
1;-13,152
0;-27,154
0;-21,154
0;-20,154
0;-19,154
0;-11,154
0;-10,154
0;-9,154
0;-7,154
0;-6,154
0;0,154
0;10,154
0;12,154
0;13,154
0;14,154
0;17,154
0;23,154
1;40,152
0;27,154
0;28,154
0;32,154
1;52,152
1;53,152
0;41,154
0;43,154
1;59,152
0;46,154
1;62,152
1;65,152
0;52,154
1;79,152
1;81,152
0;68,154
1;85,152
0;72,154
0;76,154
1;92,152
1;94,152
0;81,154
1;102,152
0;89,154
1;113,152
1;114,152
0;116,154
1;133,152
0;121,154
0;123,154
0;127,154
1;143,152
0;129,154
0;138,154
1;154,152
1;155,152
0;144,154
1;164,152
1;-11,153
1;-10,153
0;-24,155
1;-8,153
0;-22,155
0;-19,155
0;-15,155
1;2,153
0;-10,155
1;7,153
1;9,153
1;10,153
1;13,153
0;1,155
0;9,155
1;26,153
0;12,155
1;39,153
1;40,153
0;32,155
0;37,155
0;38,155
0;45,155
1;64,153
0;51,155
1;70,153
1;72,153
0;64,155
1;80,153
1;81,153
1;89,153
0;76,155
1;96,153
1;97,153
1;100,153
1;106,153
1;107,153
1;108,153
1;114,153
1;116,153
0;108,155
0;109,155
0;111,155
0;112,155
1;128,153
1;135,153
0;123,155
1;146,153
0;132,155
1;149,153
0;140,155
0;141,155
1;161,153
1;162,153
1;-14,154
1;-10,154
0;-24,156
0;-15,156
0;-11,156
1;6,154
0;-3,156
1;13,154
0;5,156
1;21,154
1;24,154
1;26,154
0;19,156
0;20,156
1;39,154
1;43,154
0;31,156
1;47,154
0;41,156
1;57,154
1;62,154
0;56,156
1;76,154
1;78,154
0;66,156
1;89,154
1;90,154
1;91,154
1;93,154
0;80,156
0;81,156
1;102,154
0;93,156
0;99,156
0;107,156
0;115,156
1;131,154
1;134,154
1;136,154
1;140,154
0;130,156
1;146,154
0;135,156
0;136,156
1;160,154
0;147,156
1;163,154
0;-29,157
1;-13,155
1;-12,155
1;-11,155
1;-7,155
0;-17,157
0;-15,157
0;-11,157
1;6,155
0;-7,157
1;13,155
0;0,157
1;17,155
0;4,157
1;20,155
1;28,155
0;14,157
0;15,157
0;22,157
1;38,155
1;43,155
0;29,157
1;50,155
1;52,155
1;53,155
1;55,155
0;46,157
0;48,157
0;49,157
0;53,157
0;69,157
1;90,155
0;77,157
0;78,157
0;82,157
0;84,157
1;104,155
1;106,155
0;92,157
0;94,157
1;112,155
1;118,155
1;119,155
0;106,157
1;126,155
1;127,155
0;114,157
1;132,155
0;118,157
0;119,157
0;120,157
1;143,155
0;129,157
1;149,155
0;136,157
0;-29,158
1;-12,156
1;-11,156
1;-10,156
0;-20,158
0;-16,158
0;-14,158
0;-12,158
1;7,156
0;-7,158
1;9,156
0;0,158
1;21,156
0;7,158
0;13,158
0;14,158
1;31,156
1;36,156
0;23,158
1;42,156
0;29,158
1;46,156
0;41,158
0;42,158
0;44,158
0;45,158
0;52,158
1;77,156
1;79,156
0;67,158
1;84,156
0;71,158
1;93,156
1;95,156
0;88,158
1;104,156
0;90,158
0;92,158
0;99,158
1;115,156
0;101,158
1;118,156
1;119,156
1;121,156
0;109,158
1;128,156
0;120,158
0;121,158
0;122,158
0;124,158
0;125,158
0;137,158
1;153,156
1;157,156
1;158,156
1;-11,157
1;-10,157
1;-8,157
0;-22,159
1;-6,157
1;-5,157
0;-19,159
1;2,157
0;-12,159
0;-10,159
0;-8,159
0;-1,159
0;0,159
0;2,159
0;6,159
1;34,157
1;35,157
0;23,159
0;31,159
0;32,159
0;34,159
1;51,157
0;38,159
1;55,157
0;42,159
0;46,159
0;52,159
1;71,157
1;73,157
1;85,157
0;72,159
1;90,157
1;93,157
0;80,159
0;81,159
0;83,159
1;102,157
1;104,157
0;92,159
0;95,159
0;97,159
0;102,159
0;103,159
1;128,157
0;114,159
0;117,159
1;137,157
0;124,159
0;130,159
0;132,159
1;152,157
0;138,159
0;141,159
0;147,159
0;149,159
0;-28,160
0;-27,160
0;-26,160
1;-7,158
1;-5,158
0;-11,160
1;5,158
0;-9,160
0;-6,160
0;-3,160
0;1,160
0;5,160
1;21,158
0;7,160
1;24,158
0;15,160
0;20,160
0;21,160
1;48,158
1;56,158
0;45,160
0;50,160
0;52,160
0;56,160
1;75,158
1;80,158
0;66,160
0;77,160
1;96,158
0;86,160
1;102,158
1;105,158
1;108,158
1;110,158
1;111,158
1;113,158
0;99,160
1;115,158
1;124,158
0;110,160
0;119,160
1;135,158
1;136,158
1;148,158
1;149,158
0;139,160
1;159,158
1;160,158
0;146,160
0;-28,161
0;-23,161
0;-18,161
1;-2,159
1;0,159
0;-13,161
0;-8,161
1;9,159
1;14,159
0;1,161
0;2,161
0;3,161
1;21,159
1;22,159
0;9,161
0;17,161
1;33,159
1;35,159
1;48,159
0;34,161
1;52,159
0;40,161
1;57,159
1;65,159
0;55,161
1;71,159
0;67,161
0;68,161
1;86,159
1;91,159
1;92,159
1;93,159
1;100,159
0;87,161
0;94,161
0;100,161
0;104,161
1;120,159
0;106,161
1;125,159
0;114,161
1;130,159
0;117,161
1;133,159
1;137,159
0;124,161
1;140,159
0;131,161
0;132,161
0;133,161
0;140,161
1;156,159
0;142,161
0;-29,162
1;-9,160
0;-23,162
0;-19,162
1;-3,160
0;-12,162
1;7,160
0;-7,162
1;18,160
0;4,162
0;6,162
0;8,162
1;29,160
1;31,160
0;19,162
0;31,162
0;32,162
1;48,160
0;35,162
0;37,162
1;59,160
0;46,162
0;52,162
1;70,160
1;71,160
0;58,162
0;59,162
1;76,160
0;68,162
0;69,162
0;78,162
0;81,162
1;97,160
0;91,162
0;100,162
0;101,162
1;118,160
0;107,162
1;123,160
1;124,160
0;111,162
0;113,162
0;115,162
0;117,162
0;120,162
1;140,160
1;141,160
0;128,162
1;156,160
1;157,160
0;147,162
1;164,160
0;-29,163
0;-28,163
0;-26,163
0;-24,163
1;-7,161
1;-5,161
1;-3,161
0;-12,163
1;10,161
1;12,161
1;13,161
0;7,163
0;8,163
0;16,163
1;33,161
1;34,161
1;35,161
1;42,161
0;28,163
1;49,161
1;51,161
0;44,163
1;60,161
1;61,161
1;74,161
0;62,163
1;82,161
1;84,161
0;70,163
1;92,161
0;81,163
0;82,163
0;89,163
1;105,161
0;93,163
1;110,161
1;111,161
0;108,163
0;109,163
0;110,163
0;114,163
1;130,161
0;116,163
0;120,163
1;141,161
1;142,161
0;128,163
0;133,163
0;135,163
1;156,161
0;148,163
0;-29,164
0;-28,164
0;-27,164
0;-24,164
0;-16,164
0;-15,164
0;-13,164
1;7,162
1;13,162
1;14,162
0;10,164
0;12,164
0;16,164
0;17,164
0;19,164
1;35,162
1;37,162
0;27,164
1;44,162
0;30,164
0;34,164
0;36,164
0;39,164
0;40,164
1;67,162
1;68,162
1;69,162
0;55,164
0;62,164
0;67,164
1;83,162
1;85,162
0;71,164
0;74,164
1;90,162
1;92,162
1;94,162
0;90,164
0;91,164
0;92,164
1;109,162
1;110,162
0;106,164
0;108,164
0;109,164
0;114,164
0;115,164
1;132,162
1;139,162
0;131,164
0;133,164
1;149,162
1;150,162
0;145,164
1;161,162
0;-28,165
0;-27,165
1;-11,163
0;-24,165
0;-23,165
0;-16,165
0;-10,165
0;-7,165
1;13,163
1;17,163
0;3,165
0;5,165
0;6,165
0;15,165
1;32,163
0;18,165
1;35,163
0;21,165
0;29,165
0;33,165
0;34,165
1;50,163
0;37,165
0;42,165
0;44,165
1;60,163
1;61,163
0;55,165
0;59,165
1;75,163
0;62,165
1;79,163
0;67,165
0;69,165
0;70,165
0;76,165
0;84,165
1;110,163
1;112,163
0;100,165
1;116,163
0;108,165
1;130,163
0;116,165
0;118,165
1;137,163
0;123,165
0;134,165
1;151,163
0;139,165
0;141,165
0;149,165
1;-14,164
1;-12,164
1;-9,164
1;-8,164
0;-21,166
0;-15,166
1;1,164
1;2,164
0;-10,166
1;10,164
1;15,164
1;20,164
1;22,164
0;10,166
1;26,164
1;29,164
1;32,164
0;19,166
0;21,166
0;27,166
1;44,164
1;53,164
0;39,166
0;40,166
1;67,164
0;53,166
1;69,164
0;56,166
0;64,166
1;80,164
1;82,164
1;87,164
1;88,164
0;75,166
0;77,166
1;97,164
1;104,164
1;105,164
1;112,164
0;98,166
1;122,164
1;125,164
1;131,164
0;117,166
1;134,164
1;140,164
0;126,166
0;129,166
1;148,164
0;134,166
0;140,166
0;142,166
0;143,166
0;-27,167
1;-8,165
0;-22,167
1;2,165
0;-12,167
0;-11,167
1;5,165
0;-7,167
0;-6,167
1;14,165
1;16,165
1;17,165
0;6,167
0;7,167
1;29,165
0;17,167
0;27,167
1;44,165
1;46,165
0;36,167
1;52,165
1;54,165
0;51,167
0;52,167
0;54,167
0;55,167
0;63,167
0;74,167
0;77,167
1;93,165
0;81,167
1;98,165
0;87,167
1;113,165
1;117,165
1;122,165
1;123,165
1;130,165
0;117,167
0;122,167
0;125,167
0;126,167
1;142,165
0;132,167
0;139,167
1;156,165
0;148,167
0;150,167
0;-28,168
1;-12,166
1;-11,166
1;-6,166
0;-20,168
1;-4,166
0;-18,168
0;-15,168
1;1,166
1;9,166
1;11,166
1;12,166
0;2,168
1;22,166
1;23,166
0;16,168
0;17,168
0;19,168
0;20,168
1;44,166
0;31,168
0;32,168
0;40,168
1;56,166
1;58,166
0;46,168
0;48,168
0;53,168
0;55,168
0;57,168
1;73,166
1;75,166
0;67,168
1;84,166
1;85,166
0;78,168
1;94,166
0;95,168
0;99,168
1;115,166
0;101,168
1;118,166
0;104,168
0;109,168
0;112,168
1;131,166
0;125,168
1;141,166
1;142,166
1;154,166
0;141,168
0;142,168
0;147,168
1;-13,167
1;-12,167
1;-11,167
1;-10,167
1;-3,167
0;-16,169
1;4,167
0;-9,169
1;7,167
1;12,167
1;14,167
0;0,169
1;21,167
0;7,169
1;24,167
1;30,167
1;31,167
1;32,167
0;25,169
1;47,167
1;48,167
0;35,169
0;45,169
1;62,167
0;49,169
0;50,169
1;69,167
1;71,167
1;76,167
0;63,169
1;84,167
1;86,167
0;72,169
1;89,167
1;90,167
0;89,169
0;90,169
0;98,169
1;120,167
1;125,167
1;127,167
0;114,169
0;115,169
0;120,169
0;121,169
1;141,167
0;128,169
0;131,169
0;136,169
1;152,167
1;159,167
0;147,169
0;-29,170
0;-27,170
1;-7,168
1;-4,168
0;-17,170
0;-15,170
0;-12,170
1;7,168
1;8,168
0;-4,170
1;17,168
0;3,170
0;5,170
0;6,170
0;9,170
1;29,168
1;31,168
0;19,170
1;35,168
1;38,168
0;25,170
0;27,170
1;51,168
0;38,170
0;48,170
1;65,168
1;67,168
0;55,170
1;71,168
0;57,170
0;60,170
0;61,170
1;81,168
1;86,168
1;87,168
1;88,168
1;89,168
0;91,170
0;92,170
1;111,168
0;97,170
1;117,168
1;121,168
1;123,168
1;124,168
1;130,168
1;132,168
1;135,168
0;122,170
1;145,168
1;146,168
0;136,170
0;137,170
0;138,170
1;163,168
0;149,170
1;-14,169
0;-27,171
1;-5,169
1;-4,169
0;-16,171
0;-14,171
1;8,169
1;9,169
0;-3,171
1;14,169
0;1,171
0;9,171
0;10,171
0;18,171
1;40,169
0;28,171
1;44,169
0;35,171
1;52,169
1;60,169
1;64,169
1;69,169
1;70,169
1;72,169
1;73,169
1;75,169
0;67,171
0;68,171
0;69,171
1;87,169
1;90,169
0;77,171
1;93,169
1;109,169
1;110,169
1;114,169
1;115,169
0;102,171
0;111,171
0;112,171
1;128,169
0;118,171
0;122,171
0;123,171
0;126,171
0;127,171
1;146,169
1;147,169
0;140,171
0;145,171
1;161,169
1;-10,170
1;-9,170
1;-8,170
0;-22,172
0;-17,172
1;-1,170
0;-15,172
1;5,170
0;-9,172
0;-7,172
1;14,170
0;1,172
1;17,170
0;4,172
1;21,170
1;24,170
1;26,170
1;34,170
0;20,172
0;23,172
1;41,170
1;42,170
1;51,170
1;52,170
1;55,170
0;42,172
0;48,172
1;73,170
1;74,170
1;77,170
1;78,170
1;86,170
0;72,172
1;97,170
1;99,170
0;85,172
1;107,170
1;115,170
0;102,172
0;108,172
1;124,170
1;129,170
1;131,170
0;117,172
1;139,170
0;125,172
0;126,172
0;131,172
0;133,172
1;150,170
1;152,170
0;140,172
0;141,172
0;-29,173
1;-12,171
0;-26,173
0;-23,173
0;-22,173
0;-19,173
0;-12,173
0;-11,173
0;-7,173
1;9,171
0;-4,173
0;0,173
0;3,173
0;4,173
0;17,173
0;18,173
0;26,173
1;42,171
1;43,171
0;34,173
0;35,173
0;36,173
0;42,173
1;58,171
0;48,173
1;64,171
0;51,173
1;68,171
1;70,171
1;72,171
0;60,173
1;79,171
0;65,173
1;85,171
0;71,173
1;91,171
1;93,171
0;81,173
1;97,171
1;99,171
0;100,173
1;118,171
1;120,171
0;113,173
0;114,173
0;115,173
0;116,173
0;126,173
1;142,171
0;128,173
0;131,173
1;153,171
0;140,173
1;159,171
1;160,171
1;-13,172
0;-25,174
0;-24,174
1;-3,172
0;-15,174
0;-13,174
1;3,172
1;7,172
1;9,172
0;-5,174
1;14,172
1;20,172
0;6,174
0;9,174
1;25,172
0;22,174
1;45,172
0;31,174
0;35,174
0;37,174
0;40,174
0;47,174
1;64,172
1;65,172
0;54,174
1;70,172
1;76,172
0;62,174
0;66,174
1;82,172
0;68,174
0;79,174
0;80,174
1;103,172
0;96,174
1;117,172
0;104,174
0;106,174
0;110,174
1;126,172
0;112,174
1;128,172
1;129,172
1;131,172
0;119,174
0;120,174
1;140,172
1;141,172
1;142,172
0;130,174
0;132,174
